165832700
183494700
221826200
194800100
197553400
178433200
173693900
175743700
161342600
164697700
204618300
214182300
223275000
219829600
222983900
218917900
212044800
217456000
219945700
216077800
169357900
176502300
165399600
169384000
176462900
175248900
165478900
181128700
171675500
174279800
246131800
248364600
243025900
237855500
250034500
252715600
254486200
236650900
242858200
247669200
292264600
320766600
317321900
309497700
294776600
314153500
319342200
302670300
298503900
302198400
388406400
381573000
399862400
389198000
388755400
393669200
392895800
397032800
394948100
384179400
