51438700
58803300
50303600
53520100
56078400
49698400
54481600
49819700
48162500
55819400
73736000
88443700
74456400
76445400
69961400
67387600
67757000
67344500
69254300
67439800
47009700
66681200
60044900
72224000
66633500
69825800
59997700
65057100
64448100
63356900
76365200
87592000
77296100
68063100
71910700
75859800
64629900
68701300
78383200
66217100
93115600
91273900
91634200
93625800
92594500
95913000
92394900
89859300
90555800
96131900
107810200
113198100
107106100
115080400
111303800
108881000
110762300
108542900
113458500
115951500
