3476000
3392300
3413900
3408600
3558800
3430300
3557200
3312400
3318100
3443000
3731300
3543200
3548400
3733600
3525900
4144700
4760100
3764300
3669100
3600200
3731900
3395800
3330800
3247900
3348100
3347300
3350000
3524700
3291800
3371900
3827500
3940700
3467700
3717500
3484400
4050600
3501300
3822100
3550500
3532600
9448000
6139000
5814300
6046600
5846000
6367300
6652500
5819700
5961500
6190600
6175600
6838000
6631000
6279400
9780200
9566900
7899200
6973200
6378600
6316500
3342500
3343600
3679200
4268500
4355200
3402000
3381400
3729800
3808600
3483800
4075200
3679400
3710900
3658900
3639900
3694300
3703100
3904000
3673600
3677300
5835900
5561200
3345000
3416200
3339600
3360100
3545500
3377200
3406200
3444400
4345700
3641500
3676000
3670600
3874600
3852400
3791400
3641400
3739600
4261400
6876800
7483700
7363300
6429000
6357100
7595800
6649900
6431700
6618700
6885500
10252400
10360500
6311800
6302500
6303000
6256500
6287400
6259900
6260400
8257000
61197000
69330800
70449500
64506500
65346800
62467200
62910800
61741800
64978900
64008000
77652400
83066400
81816200
78624100
76399800
84537400
79777700
78055700
76287100
75447000
63790600
60289300
60708500
65172800
63967700
63301600
62400700
62619800
63078400
62545300
75953700
74545000
77877900
75776400
75751100
73006400
73291100
81260100
81282300
72191100
105254800
105964800
110031900
104185300
103334200
103389200
101670600
116506700
100351800
105166700
127143500
125403400
131289300
122767000
129143000
126837000
125795600
131920800
121574900
146441400
64577800
66300800
58330000
70278200
60757000
60577200
63484100
58709800
58768600
66381500
77684300
73213800
74708400
92986900
96958300
98174900
82510400
80641900
76327700
72548100
57679500
57041900
55150200
53579700
52378400
51546000
50641100
58726800
53177200
59312300
67963500
77051200
69806600
68845400
66512000
65265200
63335800
63272500
62934900
61825400
86528000
90694600
99569700
87805600
86930500
99816500
98948800
91644800
97924800
104098300
123074100
119272600
124280700
119917800
128603700
135894400
127256000
133997199
128360200
131156800
177467600
185979100
179076900
176233800
172649900
203812200
202239200
180996700
172678700
186532800
234569600
224116600
235703100
218988700
230902500
222152000
219014700
234867100
235878700
230881800
187208000
181015800
183610500
216928600
187711900
183993900
181940200
196575800
201494400
176854800
248377400
417159700
464220800
469987800
519418800
478289300
481119100
482271300
479963200
477735000
641537300
636799900
635604900
640443400
641529900
640236100
640031900
639165100
654783100
644851000
764113700
694051900
661455200
651182300
588535500
567646700
532288000
575387100
538507700
419325300
170799500
207892200
168260200
162886200
169512000
175516900
184606700
176056400
172046700
165907500
207969600
202942400
205157700
213314200
210925400
213392100
209129900
221803800
209380500
207130000
184718900
188265200
198891800
200656400
207440600
206873800
225174200
229466600
220800500
217327400
265309500
313452200
325947200
272463400
257079700
293415300
277814000
260431000
266862000
274505300
360042100
342649100
342148200
353549100
330572600
351340000
365282100
392780000
343828900
359284100
446564900
439010000
488020100
452714900
484338200
412555800
382828300
381544200
375913900
374038600
208595100
196762000
190665700
182730000
178474600
199348300
179024600
177465200
173702500
174762400
226311100
231964000
231410500
228708600
225621600
229217800
234036900
256093400
264526900
355169900
303183900
316147600
333362600
334545600
339271100
292553200
318215300
321974300
325586900
280492500
396714600
358811400
334007000
308246300
289242000
282006300
255640500
268365800
257285100
264145000
323121600
345675700
342106800
323770800
355002800
337197500
319192000
339349100
319627900
353251700
490939300
449905300
449969300
453499700
445220900
428462800
410937900
374199300
360583100
373525000
175800500
180650700
173020500
179600100
168207600
178790100
186392500
174199700
169437800
171008900
224502600
223804100
220936000
223291300
219288400
225806000
228962700
225478000
225049100
224932800
171518000
173828100
178977500
174308300
175857500
177395400
171829000
176044200
174521500
176337300
227136500
231974800
220540300
222153900
225983800
221905100
217327400
228117700
225130000
221884900
299478100
305554200
321602700
296195200
298246200
295381400
300600700
297179300
298929100
298471900
394679400
397141300
379073800
405288600
387872500
381313300
384555600
385081200
388409800
379429400
1629600
1458000
1441500
1443900
1438800
1516200
1541000
1448600
1492700
1445400
1782400
1666300
1652500
1626500
1668900
1716600
1697100
1752900
1762900
1650500
1552000
1406400
1433100
1399200
1456100
1434900
1396400
1497700
1463400
1506200
1817200
1678300
1647000
1647700
1884900
1670900
1712400
1763400
1838700
1695100
2537700
2411000
2408100
2471200
2750900
2495100
2438700
2473800
2504800
2509500
3142300
2947100
2819000
2743500
2800800
2876300
2828400
2836900
2799700
2816400
1701500
1625700
1591600
1541900
1601400
1647100
1671300
1910100
1680900
1624400
2096700
1881300
1889000
1798300
2957000
2509300
2186100
2106600
2001400
1861800
1517000
1428600
1398800
1639800
1396000
1434000
1393400
1562900
1585600
1498400
1855300
1701400
1695100
1824500
1779800
1736000
1769300
1828000
1773200
1747700
2682300
2624700
2585800
2596100
2657700
2654300
2607700
2752000
2637500
2565800
3373500
2753700
2776500
2783100
2757900
2780500
2919600
2798900
2923700
2732700
9796700
9427300
9651900
9211400
9822200
9963300
9819000
9985800
9970400
10179800
14347200
12741600
11980100
12447700
12373400
12223100
11563400
11836400
11904400
11877500
10043900
9542400
8977400
9081200
9065500
8921100
8986900
8837200
9159100
9241300
11359600
10879200
11017200
10744300
11066000
11319600
11268300
11476000
11559000
11726900
17669300
16594300
15362200
15273400
15873000
15824400
15989900
16849800
16103300
16064100
18172600
17812000
17853400
18146600
18760300
18806600
18724000
18715100
19553900
19726900
11642000
10294600
10366500
10507900
10243500
10459300
10694600
10626500
10619800
10729200
12572500
11938600
11903000
11916900
11978100
11773000
12087600
12152900
12201700
12204600
10974600
11227100
11277800
10723000
10479500
9753100
10529000
10167400
10220600
10310900
11926900
11688400
11751900
11804600
11923100
11996400
12271500
12226600
12165600
12406600
18691200
18705400
30697900
19113000
19057400
18953800
20838500
17757500
16986900
17334800
20208000
20441500
19321300
19350300
19604300
19776200
20389300
19834800
20090600
20769700
22075700
21558700
21787000
21287200
21524800
21618200
22048400
23237800
23687000
23761600
28553400
24569500
24927000
24912200
25367000
25454000
25496800
26140400
25422200
25242200
21275700
21001800
22221200
23709900
21999700
22308700
22321000
21848600
20536100
20565400
25254200
25801700
24992000
24548100
25505000
28701300
30655200
26212900
25456400
25279500
37434100
37218400
38200600
37297300
38289500
38564100
36537400
36106800
35673200
36799600
39887100
39412000
42820300
43138900
40181500
40838000
41795100
40844500
40691000
40298800
23088500
22290400
22826900
23086000
23441400
23727700
23628400
24755600
26452500
24413800
27580700
25869600
26091700
26345300
26490400
26953000
26684900
26675200
26657000
28616700
24496800
23145900
23116700
23169300
23387500
24021200
23018900
22998800
22853100
22992700
26203600
29366900
29330200
26733800
26162900
26703000
27112500
27056800
27579600
26605900
38942000
40435900
40997000
37710700
36846000
38021500
38323600
36857600
37995300
41052700
46317700
43473100
44273400
43561300
43983800
43918500
44644300
44337500
44706000
43819000
53046200
46454000
48040500
46698800
46603500
46346700
48196600
46242300
46669800
46515800
50784900
49173500
55095100
50219500
50540300
51879100
51650500
51680500
53044200
51153800
43607000
43113900
44452400
45312700
47636900
45833200
45662700
46528100
45343900
45830600
51214700
51011600
53182400
51092500
51221300
51687900
51979600
55145200
53280400
52628000
75100700
73717100
78463800
75525700
75107100
74195900
79679800
73888700
74982400
75405000
86510200
81724600
84721600
89469500
88625500
85942500
81090600
86000200
84032400
84515400
45793400
45778800
46668100
47709700
46409800
45521900
46134100
46565400
46311400
48617700
56494800
51390500
51700700
51668400
51649500
52388400
54074800
51402400
51550700
51788600
44673400
47942800
46479000
46026000
44551500
43811200
44600400
46097100
47898700
44361000
52428100
52721400
52803900
55228400
55487500
52441400
52616400
52722400
52725800
55101000
78491400
77794600
77360000
81637300
77045800
76960600
77043500
77929200
78477100
76893200
85356100
89421700
86972600
86315700
89653300
86108700
87366100
88413800
89192200
86024100
9225100
9137900
9367800
9408900
9258200
9369800
9250000
9776400
9674000
9534900
11853300
10902200
10463300
10747000
10830700
10852800
10826500
10798500
10820800
10728700
9315900
9002900
8984800
9114000
8867600
9134600
9143200
9374900
9228000
9346100
12027700
11473300
11636300
11095000
10851500
13288500
12489100
13010700
12183600
11906100
16941000
15199000
15476500
15808000
15660900
16372700
15896500
15701100
15788900
15717400
18432500
19523100
18035900
18272100
18751600
19319800
20239600
18457300
18993300
18712200
9973000
9664200
9581500
9361900
9399400
9301200
9405100
9252500
9281000
9323500
11233300
11336000
10807300
10756300
12086400
12297700
12198300
12077200
11993000
11752000
9954400
9884100
9679600
9849700
9939500
9707100
9729700
10685400
9800600
9698700
12284500
11888000
11816700
11573500
11667800
11677000
11754000
11674900
11508300
11642100
15827900
16132800
16947500
16907000
16445100
16721700
16521200
16612300
16406900
17247800
18985900
18562300
18492700
18602600
18948400
18253600
18043900
18857400
20241600
22139700
9938100
9637600
9754500
9641700
9807300
9544000
9410800
9432000
9523100
9410600
11456800
11149700
11225300
11203600
11176100
11175000
11324800
11554300
11736000
11403000
11172600
9214500
10040000
10096100
10010700
10133000
9968100
9429900
9305500
9339300
11082900
10768900
10926500
11062700
10825200
11549800
10584900
10879600
10617400
10519700
16163300
16067200
16093200
16484000
15812100
15836100
18301200
17107000
17783600
17404500
19039900
18294700
18404400
19077900
19057100
19298100
18444700
18272400
18805300
18048800
8741400
9230100
9611700
9118700
9144800
12655700
8781300
8681100
8709100
8809700
10272800
9638300
9573900
9726500
9727600
9670100
9897200
10442500
9580900
10114800
8969500
9003300
8743200
8968500
8548000
8442700
8676400
8376800
11282800
17330200
10412900
11309100
11380800
11796800
10415700
10931000
10589200
10332800
10060700
9977900
15375900
15227500
14610500
15182600
14543900
14541700
14543600
14884300
15304500
14501900
17015600
16716400
16501900
17217100
16607700
16659900
16663300
16347000
16078400
16204400
