163759000
200593600
209200900
198366100
199321200
165397800
165065300
171274700
160556600
161583600
217910700
216081600
219363900
223357900
233617200
225523600
220373100
220202200
215909200
218408200
152281100
165386000
163302700
162564200
159753900
159524400
158267700
158392600
154908400
163530800
228499700
225675900
223611600
233213500
221875100
231095600
236170100
229194700
231905500
234143100
285342300
283832900
283052800
283166300
290740800
279451100
282583900
283612000
285394900
291841400
364816600
377355600
383092500
375351100
375464400
388117700
378603100
373482200
372378500
385929900
