175462000
193266200
203942900
193966300
198446900
174565700
163524000
171714200
173197400
170897800
227376800
233570200
226276200
234074300
235103200
231029200
230186000
229727100
226992300
217383500
165714900
164320000
165832200
174350600
159638900
159709600
159208700
164033000
168975200
168567800
232581200
240134900
240303900
238241500
235645100
240049100
242951200
242063200
239918600
239076400
293478200
309222000
300193600
293428200
295681600
302276800
305341700
300152300
290170900
286554700
380082700
380587900
390358000
376662300
399788600
409091100
373844100
381045300
386464200
378188600
