50241500
48411300
50238200
54502800
48060400
49844200
52345500
46693900
55370900
50996700
54156600
60524300
59751900
67428300
68612800
63268100
65087700
59710200
62174400
58864800
56499400
48422500
51518100
54220600
47409000
54532700
57620900
55374500
60580900
59947800
75528200
64170800
70746400
71355200
66971200
79346400
68067800
70446900
60524400
65939900
83979400
86722600
89542700
85770000
88436900
90523500
86944200
89863500
89266200
89277200
94394800
98680900
99254900
102264200
100458900
102263600
99433000
102174900
99682200
95578700
