165828300
173087300
195393700
185474500
189380300
191475000
173689800
170473900
171051300
165970600
214413100
216545100
222196400
212168400
223990400
227028200
217145100
226079000
215698900
213377400
173171500
177962700
178927100
170228700
179210200
188138600
167125900
172373000
166526300
172618000
255127000
267111200
229300500
240126800
248915600
242611400
237846100
240321600
242955700
245463000
304161700
298563000
304804100
304582500
306226400
307469900
302997300
307798800
298827500
308171000
381045900
396545200
397627000
388953400
398805300
389066700
388344200
397297900
391402700
387679600
