11371800
13141700
10827600
10799300
12607300
11525400
10775200
12379200
14912600
12481600
21292700
18348100
19236500
17680200
16737300
15400600
15248400
16023000
15078900
14172900
9747500
9870500
9558200
9101300
9629100
9682600
9497700
9750400
9586400
9918100
13476600
15080500
15301100
12568400
11635300
13571200
11277200
12577400
11501500
11650000
16442600
21950200
18416600
16620600
17653900
17457300
17359000
17507300
17856700
20053500
21689200
20191600
20605100
19938800
19219400
19387400
22518900
20086200
18944800
19660300
