11113200
13491800
18079900
18690600
15694300
14877700
19525700
18475700
17599900
13828500
18297000
19704700
12917600
12918100
11810400
12009800
12502900
11745600
11979500
13075800
12776500
9959900
10347700
8661900
9051600
9376900
9468900
9611400
9550000
9553200
12867700
12230600
13144400
12321800
13364400
10523900
10356700
10700300
10905100
11093100
14916900
15199700
16242400
18865900
17753400
15069300
16855800
15962300
16510200
16734000
19220500
19687900
16908200
17621400
17941600
17883200
18079200
18120400
20896600
18795100
