2902000
2772700
3153900
3494700
4040800
3141400
2988900
3603200
3288600
3264200
3341400
3330200
3190300
3696500
3093900
3074600
3077900
3229500
2826700
2719200
2651000
2532100
2567400
2496700
2626800
2513300
2515000
2511800
2624900
2512600
3218200
2753400
2699800
2692900
2757500
2693600
2815300
2692100
2693100
2738200
4774300
4613100
4510600
4555500
4495200
4572800
4534400
4480300
4520300
4496000
5140000
4695700
4985900
6283200
4701900
4783800
4742300
4714100
4731400
4757600
2798100
2768500
2754200
2768700
2713800
2707200
2711900
2782800
2884900
2708500
2991700
2851800
2854000
2981000
3124600
2869600
2869200
2864600
2867200
3507400
2701300
2554300
2506800
2520800
2519100
2855600
2512600
2516900
2503600
2501200
2848600
2818400
2728700
2700000
2700100
2679500
2737600
2798100
2688000
2680100
4717500
4548200
4609900
4513200
4556400
5568400
4507200
4497500
4542100
4533600
4989800
4758800
4956000
4902700
4762800
4698300
4852800
5942900
4715700
4744800
48196000
47942000
49145800
50138500
50338000
51267300
54411100
50714700
50873700
50334600
60250200
58943500
59287500
59478600
59744800
59579500
59925200
57331300
57086500
59312800
47143200
46844700
47676200
46467100
47083000
47125800
47418900
47544100
47609100
48019000
58287700
56031100
55548200
56000600
55754200
56482700
56702900
56409400
57481900
56390800
81701800
81247800
81000300
81081200
81545200
83010000
82995100
82490200
83270500
82963800
97183800
99536500
94633700
97902700
95863100
98200400
96205100
97042700
96030100
98824700
48774700
48296300
49541800
50386400
50882800
50758400
50593500
51030700
50867900
50788000
61678100
60194200
60437900
61439400
59055200
58742100
58636100
58863200
58798200
59104900
48718600
46899800
46801900
47387900
48025900
48182100
48358700
48462900
48363100
48175800
58290600
57085100
57441400
57142400
57272900
57855500
57674600
57798800
58349800
57033200
81438200
82503400
82305800
80354000
81182900
81994600
87848600
82566500
84909200
82871000
97949800
97536200
99761500
100002400
100046700
100531800
100382000
100732600
95859600
96512000
140567800
140878600
142332200
142333700
143146100
142259600
142274600
143675100
142111100
142470300
172912000
170881000
170564100
171321000
170526500
171334000
169894300
170154300
170718100
171336000
143627000
143464100
146033700
146346200
146129600
146937100
146453700
147851700
150707600
151036400
185165700
182896300
185321300
183064100
199651800
182390000
182167200
187351500
183308500
183126000
238463000
236434200
243164900
241018200
242248100
240564400
242081400
241787300
257601600
238398900
305462100
303677000
305388900
306273200
307083200
313916900
315709600
316707900
314261000
314353800
149258700
179055300
143820600
145402400
145699500
146064700
148980600
145557900
145830800
146145500
179358000
180296200
182333600
180249100
177932800
177383100
177791500
178382700
177405000
177685700
146682600
145791800
148111800
148272000
148567100
148371900
148449300
148720000
148152900
148490100
186796300
185832900
186686800
185968800
186364900
185855000
186319100
186271500
187742700
186227000
245499400
251979000
254114900
263564200
246308900
249155400
247951500
247248100
247560100
246817200
318987800
323102600
321355300
317219400
332733200
316716100
321955100
316790600
317199400
316450300
155633500
153467800
153890600
155263900
155559400
173600900
154939200
155516000
155744300
155975700
195117300
191686000
192758700
193984400
205337800
197934600
198599700
198851500
197476000
196595100
147917000
150477300
151708000
152284200
153795500
152877300
152752900
150838100
150418900
151245400
196541500
195244300
194092200
193275400
193708900
194127400
195645900
192650100
192784900
192613700
253971200
280557600
257129500
259427600
254716500
257689300
256796100
257207900
258701400
257504200
337561400
353886900
335225100
338787300
334923600
335702900
334832200
336000600
339492800
340409300
162649600
164781800
163699700
164109900
165585200
172521800
161369600
164645000
164958900
164098500
209977200
212648100
214427300
214574300
212960000
213443100
212515100
213441900
213481300
209533100
163877300
161621000
164882800
167268900
166641100
165678000
165641300
166129900
165978600
167179100
211437300
210316900
210646800
210351300
212774800
210586200
210461300
210697900
212132000
210341200
276778200
276601200
307042300
281669300
283863300
281515400
282341800
281857200
281606100
282126700
364007300
362233200
369802300
383834900
362267500
366181400
363011800
362372000
362757200
362660200
1521800
1482500
1435300
1440500
1577000
1542400
1597200
1440800
1440600
1442900
1730900
1652600
1656400
1696000
1772500
1719400
1750600
1651800
1653000
1651100
1482900
1403900
1415500
1459500
1411400
1480300
1414600
1525300
1397700
1399900
1836000
1661500
1667500
1733300
1671700
1707900
1713000
1702500
1656200
1664200
2541400
2410100
2458000
2508100
2484900
2407400
2403700
2406900
2522300
2432300
3114900
2919000
2702100
2702200
2751600
2699400
2851300
2700800
2700300
2750800
1555800
1442800
1431400
1434600
1511200
1445300
1441300
1445200
1441300
1443400
1763100
1695600
1643100
1654000
1725800
1648600
1654200
1651100
1659400
1651300
1517600
1409400
1465100
1406600
1486600
1414500
1405200
1406600
1406800
1407500
1787000
1823100
1670300
1673200
1760500
1671500
1668800
1676000
1670000
1673400
2679500
2469500
2598800
2419700
2411200
2408200
2442500
2567500
2617500
2471300
2971700
2694500
2690100
2838300
2930800
2701400
2698200
2696400
2698000
3257300
9334600
9322500
9132700
9341000
9181400
9187400
9471000
9140500
9187200
9240700
10979800
10780300
11220600
10834300
10989600
10878200
10843500
10747900
10716100
10612300
9001500
8987200
8807300
9001500
8799600
8908900
8804100
8924500
8908400
9087500
11045600
10706500
11035600
10977500
11020700
10904800
10809600
10821700
10821200
10969400
16291800
16175100
16255600
16035700
15936600
16184700
15950600
16050400
18123400
15568200
18328700
18344500
18081300
18058700
18110300
18315500
18206200
18154600
17889500
17177900
11959700
10312600
10206900
10192900
10240400
10192400
10308400
10546100
10586100
10529400
12070300
11772000
11871100
11712600
11963400
12073600
12016500
12101500
12076600
12179300
10538600
10269500
10314300
10193400
10186000
10251800
10194800
10154000
10212900
10153700
12297600
12006600
11947900
11925700
11360300
11356500
11417700
11374900
11370200
11347800
17382300
21235000
17960900
16798000
16761000
16756900
19214700
16936200
16867700
17082900
19759000
19480300
18738800
18766200
19127000
19472700
19637800
19106700
19076100
19497600
21503200
21327300
21446200
21545400
21511100
21541600
21440900
21503500
21375000
21489100
26311400
24596100
24482600
24438500
25873900
24408800
24565200
25974300
24612100
24452700
20817600
20576500
20361700
20388900
20512000
20693100
20718300
21751700
20895400
20840500
24217900
24051100
23889700
24074200
24099200
24928800
23778700
23776700
23756900
23878000
35616900
34644100
35726200
34796000
34936200
35338300
35529500
36453900
35820000
35833500
38645100
39312400
37960900
38573500
38780100
38987600
39807100
38877900
38895400
38972700
22430000
22123100
21846900
21767000
21901200
22250100
22371100
22348000
22511800
22817200
26286600
25468700
25490000
25396800
25358900
26818100
25340000
25426400
25542800
25623700
21949600
21555800
21466400
22575300
21428200
21451200
21393900
21514700
21688300
21821600
26048200
25435500
25390600
25548800
25292000
25374200
25378400
25258000
25364300
25353200
36910600
37299100
36668100
36380000
36992900
38457700
37021800
37263400
37344800
37655800
41637200
41500600
41014700
42102300
40741600
41155500
41526000
41937600
41622000
41748500
44257200
43422100
43869300
44435800
44980700
45140700
45602800
45305500
45372100
45329200
50417400
49134800
48461000
48510600
48494300
48565600
48576600
49994600
48447900
48298400
42714000
42332400
44191700
42585700
42386700
42848400
43513600
43486900
43366700
43277600
50137600
49451500
51436400
50514500
50581500
52432500
50977500
50859200
51381800
53485300
71814100
73720800
71245600
70534000
71705200
71876600
70955900
71201200
73114500
72715000
82704000
80630200
81322500
81867200
81756800
81750300
81073300
81626000
81171300
80945000
44181000
43662200
43977900
44221100
44326000
44605500
44538400
45379600
44349900
44683400
49965300
49163100
49146300
50114300
49044100
48818800
48790900
49060800
49078100
48986100
44339700
43000800
42969900
43666400
43815100
42857200
42892800
43231300
43513000
43691800
50562800
51229200
49973200
49816100
50104000
50140700
50228100
50308100
50412700
50222200
73399600
73919000
73393800
73803200
73614100
73673300
74215600
73862100
73638700
73722200
81250200
82519100
84195200
83227800
82468400
81322500
82569100
83359100
83289700
82465300
8935200
8989900
8823800
8756900
8646200
8698600
8648800
8693000
8684100
10398600
10353200
10377700
10283700
10088900
10199400
10288500
10361400
10339000
10320300
10346400
9280500
8978800
8772500
8831500
8886000
8711500
8773400
8700800
8784300
8695200
11385900
11048100
10837100
10859300
10848000
10767900
10850400
10950900
12139500
10792100
15087600
16603000
15173700
15244900
15350700
15472000
15475800
15475300
16315200
14657600
17860100
17523900
17879900
18835600
17414000
17352900
17361500
17651200
19290700
17899100
9693500
9345400
9095300
9277000
9149500
9094500
9191900
9098700
9177300
9133900
11044400
10855300
10705000
10627800
10608700
10590000
11620100
10616200
10619600
10534000
9122400
9125800
8978400
9264300
9115000
9338600
9387400
9222500
9343200
9290500
11409300
12286900
10941100
10941400
11067200
10937100
10905400
11005000
10926700
10878600
15550900
15420200
15665400
15544100
15661200
15712900
15790200
16204700
15161300
15215600
18613700
18391800
19084400
18213600
18424600
17915100
17868200
18224900
17894600
18077100
9351800
9116600
9419900
9219600
9110100
9299100
9389300
9253300
9419100
9356000
10939100
11024700
10739500
10734900
12145500
11411700
10605800
10616200
10647000
10583200
9158300
8985500
9094800
9120700
8927900
8992200
8917900
9001900
8911200
9516400
10754300
10301600
10411300
10294500
10290300
10357400
10304500
10277600
10598600
10299500
15849800
16490200
15358500
15583000
15790400
15707800
16584000
15745200
15666100
15835400
17721400
18091900
17321900
17543800
17721400
17665200
18077000
17775600
17736500
17666200
8392700
8429000
8221500
8367700
8212400
8270400
8214000
8555100
8217100
8261500
9651500
9354700
10609900
9517200
9347400
9377600
9330400
9404300
9424800
9347200
8340200
8194900
8135600
8235000
8144100
8152500
8215900
8181900
9431900
8126400
9836700
9765000
9431800
9686800
9617900
9571700
9746500
9739300
9745200
9825900
14817700
14679600
13808100
13800300
13790900
13819000
14376900
13729400
13740100
13869400
15690900
15916900
15696000
15279800
15521300
15519500
16055200
15474400
15554800
15735300
