153315000
156622800
164686100
183680600
186887000
190330100
184440100
161751900
156082300
166843500
203205900
209402100
212008600
214418700
207510300
200482500
206482400
208887900
203516900
207466900
164971600
162021100
170932600
158654100
168122200
161352600
168160700
166750100
169182800
167888400
234464900
238333200
232180800
236278200
238067800
234161600
239689500
249736300
235230100
243103000
290033000
290618800
296575000
297259900
299768900
286901900
288858200
294459500
290434900
292171300
380974600
394536100
390450800
383507400
383123200
387641300
391631600
370408800
385525600
380372300
