18957400
18846000
19102800
12385900
12585800
34142200
12545700
15832900
14019000
14587000
13853200
11637500
11982600
11925200
12900500
12098000
11886800
11642800
10328400
11616700
10531200
9867300
10185600
8926100
8869700
8829300
8930000
9227200
9355200
9355100
10792300
9982000
10515100
13085500
13637500
11909700
11392900
10160400
10601300
10822400
16322200
16521300
15260700
14706400
18840500
18361400
15703300
15054000
15899200
16442700
18953000
16292800
19400200
19134800
17414200
17773100
18236900
18105500
18143600
17987000
