13094400
18113500
13815800
15355300
17786200
12626700
11526400
14269600
15558400
12681200
12550600
14737200
11542600
10789500
10027000
10602400
16626400
15692100
15614700
10280700
9710100
9220500
13460000
10265900
10384000
8991000
9416700
9737700
9838300
9762100
10574600
10706900
11402700
12138200
11797600
12821700
12357700
12350800
11997500
11674000
17264300
17400100
15246800
14771100
15763600
18385500
19823600
16635200
15143200
15288600
16784100
16992000
18028900
20209600
18488800
16731400
18518400
19173100
19669000
15936900
