17769000
14566500
12390100
15717300
14256300
18487800
12130300
13374900
12644400
12504100
12216700
11803600
11917900
11274400
11217400
11603100
11958100
11884700
11940700
11957800
9331700
9202200
9569500
9863800
10025300
10094400
10174700
10169600
10191100
10183700
13273800
14184700
13556200
13082600
13136600
13334200
13304400
13277600
13310300
12450000
17689600
18879700
18640800
19262700
19526700
19116600
18701800
18990100
18935600
18934200
21361600
21611300
21633100
21927500
21517900
21699900
21631500
21665500
21314400
21675200
