21231800
20013200
17120300
18656400
22342200
18700000
13493000
11909000
12905000
12452500
16418800
15695700
12664300
11665700
12308400
12484600
12374100
12512500
12473700
12337700
11225200
11274000
12182900
10801800
10818300
10744400
10764800
10757000
10752200
10604300
13662100
13865000
15191300
14277900
13835600
13679700
13572400
13508700
13552700
12038900
17745300
20073400
20604400
20342200
20079700
20002500
19236800
19772300
21854600
21773500
20413800
20817700
21889100
22220800
22091600
24630600
22842200
24278900
24197900
27188500
