14853200
13386100
13745200
11523700
12588100
15133700
11755000
15379200
12604200
15896100
23249600
27456000
24244800
24295400
22507400
20812300
14468100
15524400
15978600
15557200
11834100
11624900
10902500
9905800
9885000
9894300
9896000
10065000
10267600
10610900
15356700
15528100
14414200
18566800
15189900
14789500
14747500
14819700
15513700
16018900
21153800
17779300
17659700
18832600
19480100
19208900
20437400
20267700
19842000
19780400
22021900
22206000
25824700
25953600
20699600
21795500
22863000
23278600
27612400
29747500
