55510500
56447000
58434600
55961700
57168700
53530900
56896400
53363900
51554000
62421800
79003600
83361400
76267800
71685100
72737700
71989700
67182800
74136600
78855300
69122600
51648200
55286600
56488900
65765500
62298900
59411600
62880300
61809800
59267500
61356000
78674000
91269800
79952500
77410000
71218200
76070200
67009700
70602500
73370800
70322800
100086400
94289000
94921200
98843600
97915100
93271900
96997600
95840700
96772800
100055500
116455300
116369400
120384200
113463000
117296200
121124500
112520400
115627800
117156400
116944500
