15480900
16714500
14971000
12627700
18297000
15623200
11045100
12211300
10223700
9581400
17593400
11927500
10460000
11040000
9899100
10022700
10274000
10308200
10278900
10535800
8379100
10594200
9967400
9815700
10635100
8775000
8504800
8900400
9229800
9194900
10447700
10251700
10560700
10675800
10892800
12774200
12259200
12584700
10544800
10282200
15167400
15192700
15918400
15584600
15811100
16741700
18133100
16624500
15218300
16006400
17012000
17141700
17405400
17215100
19389200
18665200
16908800
17300000
16240700
15952600
