12426100
12114200
13094200
11288200
12055200
13337200
16681400
16267900
18829400
18243000
18626400
22077400
27465600
22031300
16361400
19534200
16534600
15895800
14409600
14250300
10867300
12223700
11029000
9568000
9620300
9621600
11295400
10744300
11061900
9676300
12278500
12285500
12657700
12386500
12533100
12669800
12675400
13779300
14489000
13483800
17440200
16369100
16619200
17421000
17815200
17720800
20786700
18780400
17941400
18043900
18567000
18620200
18556300
19835600
22500700
21022200
19306400
18442300
21470500
22566700
