50386900
48815700
51599100
50239300
49871700
50874800
50024000
49210200
44778800
48669200
53677900
56710900
52748100
59749800
60532300
58460000
57068600
57851700
57946900
58128500
50609900
57029500
50333600
50318000
50755600
51157300
56957100
55032200
55392700
60478300
77107900
66436099
69915300
73546800
72870200
80388400
69517700
74411100
59724700
61615700
91477000
86174900
98668100
86054000
86978100
95023600
87366700
88481100
87230900
84318200
97990100
98918300
97083800
93779200
95237000
102211500
100115400
98142800
97344000
97643900
