28423100
23650700
24163300
24247100
24883400
25136200
25321000
24041900
23850600
24965500
31442500
29042200
27209300
27859400
28038400
31565600
28133600
27017000
27965800
28217100
26665600
25515200
21123200
23066800
22424900
23123400
28355200
26432200
23743400
24602400
32131300
37872100
28333900
28248500
28911500
30144600
32358800
28691500
29023600
29364000
45423800
43952100
41610100
45734500
42634000
39481900
42126500
42294000
41749000
43672400
50843000
54937700
62165000
56068000
54494000
58777900
45769800
49079500
52059400
54426200
