4780100
5357600
5205600
4834600
4931100
4668200
5778500
5369700
5805400
5148200
4084900
3192500
3315300
3031800
3206500
3261000
2974300
3240100
3046800
3288500
3105300
2724500
2809400
3154000
2652100
2521000
2520200
2574400
2630200
2726400
3141400
2698400
2699400
2749500
2756300
3145000
2758900
2744300
2699500
2738700
5284900
4755800
4652400
4702500
5137400
4829200
4756300
4860500
4675500
4830400
5564000
5091700
4619700
4688600
5143300
5210000
4659600
5456100
4625900
4619300
2696100
2635300
2596600
2556900
2779100
2780500
2562300
2631400
2583100
2557500
3038300
2857800
2727100
2719700
2721100
2718900
2805900
2804000
2737000
2719800
2527700
2632800
2506500
2583600
2516300
2501000
2507400
2519200
2682300
2513500
2790100
2656000
2658100
2741200
2722200
2714800
2798100
2704700
2705700
2806800
4535900
4670600
4728700
4581700
4466500
4507200
4800600
5398200
4571700
4615600
4660100
4701300
4664600
5392000
4625000
4753300
4967000
4657100
4661700
4735900
56366700
55158500
47989500
49010400
49216300
49394300
47734000
49288500
48838000
48372700
58336600
71979500
67347400
65376200
57308100
58491000
59038600
57666700
58744300
61095800
46825100
46471200
48397700
48390200
46439600
46360000
47031500
48212800
47552600
46398700
56278000
57830700
58706000
57120300
56380300
58020700
56263700
55492100
58935900
57290000
79826400
80708400
78712800
79780800
80514100
80384200
80551400
81064700
80196900
80517400
95600900
95656900
95153200
95125600
94469200
94550100
96442400
96559700
97146600
96262800
48697000
48394100
48101200
47931400
48150900
48482600
48317400
49030600
52074100
49163200
59572800
58831700
59045300
59318500
58404400
59019200
58636800
60588400
59068200
59077200
47093600
46664600
46712700
46713500
46777700
46966000
47107700
47051300
47414200
47011900
57748300
57132600
59435000
57009500
57842000
57091600
56997600
58167200
58263200
57595600
79518400
79343500
80255600
79555900
78938200
78979800
79761700
80680400
80195000
81354500
96322000
97921700
97389700
98501200
96622400
96265600
94459700
96196400
98254000
95253600
140245400
139947500
141722200
139033000
141054600
139841600
138385800
138803000
141604200
139149100
174759700
171418100
170989300
171348900
172659100
177531000
170887700
169822300
171596600
170315000
145064400
144085900
143140800
147606100
155377400
160110200
169907300
158915100
157201100
159120500
214990600
202562500
183467400
196275100
211915700
211390400
198203800
201522500
199114200
201523500
260811400
263226500
259068200
260088400
259471000
269021700
255612000
260274300
264251200
260599400
360962400
411915400
389454800
365736100
345397400
358222000
346267600
340400100
338128300
356596300
158996000
159210200
159112900
159591600
159910500
161127900
161774700
161004500
162522500
160653400
202235600
197303900
210800900
198431000
183773900
182831200
184808000
183156400
183515400
182502300
149693800
150705900
149752900
151166300
151216000
151406600
150460200
151010700
150162900
149420200
189949600
187726100
188651500
189459100
188859100
189464900
188760600
201527400
186328500
187139700
255161100
251455800
249637000
258170700
253283500
250666100
250467600
248173400
248315900
254495800
318645400
318559900
324299300
318080700
315574600
322022400
320444200
317058400
324107700
316356500
158555900
159559000
159395100
159428000
159480800
161268000
158905900
152104900
153493200
154469400
193273900
194115400
192460900
193142100
192660400
192002100
203096200
193926800
194022100
191603000
149078400
149929400
148224500
149882800
150572300
151121100
151374700
150922200
150580900
153394400
193936400
194438800
196115200
196293100
194994100
196858700
196376400
195166100
194208200
195113400
254284300
259916100
259856000
261316500
254294500
257084500
254482500
254350400
254778900
260924300
335501100
339218300
335038700
335239100
334730700
342170400
334308900
338399500
335279200
334270000
160785700
159351100
159368100
160178500
161886800
160066700
160574700
164677900
166102400
161150400
208089500
207201100
210269900
208909400
208599300
210298400
207468500
209196700
209630000
208361600
162683900
162459500
164146000
163782500
163954200
165822700
164260800
165208300
164609200
161741200
211502800
210847000
211218800
218957200
208647900
208969300
208759600
208285800
210266600
209361400
277326200
274891900
280829800
281400700
279737200
290483300
288149900
279948000
276826800
279307700
363393800
369577800
366539700
369860300
363089700
364501800
362019900
369144800
362436200
365838400
1598700
1444500
1453300
1440300
1439600
1443900
1478400
1478600
1439200
1526200
1859300
1660400
1647400
1642700
1646300
1640300
1715300
1669000
1643400
1735500
1662300
1400000
1398900
1396300
1391500
1390500
1792100
1392100
1391900
1396400
1841400
1709000
1716700
1663600
1658700
1716500
1669200
1661300
1661300
1663700
2614600
2418400
2374700
2473400
2378300
2374300
2434900
2469600
2400700
2483400
2912900
2661200
2663900
2908600
2769700
2801100
3127600
2699300
2667600
2823300
1519900
1433900
1434300
1466500
1492300
1496700
1487800
1524300
1439000
1434900
1721400
1643500
1637200
1634700
1730300
1695700
1643100
1723800
1647000
1640100
1523100
1452700
1396500
1392200
1396700
1535800
1396700
1466900
1396100
1395400
1793200
1659800
1667800
1665100
1663100
1759000
1723900
1964900
1832500
1780600
2545500
2383500
2429900
2484500
2559800
2387200
2382800
2412200
2382900
2384300
3255900
2800500
2675300
2672600
2727200
2683700
2907600
2761800
2675900
2669600
9607300
9207900
9304200
9078800
9175300
9118500
9085500
9185000
9092100
9126300
10960400
10667500
10643800
10798700
10618600
10742200
10825100
10793800
10852800
10725700
9040800
8821600
9003600
8777000
8962300
8754900
8807000
8853600
9040000
9058900
10899200
10960600
10668200
10751500
10644700
11006400
10685100
10695500
10744300
10687000
16187300
16147800
16040900
15967400
15994600
15856600
16037100
15847900
15935900
15794700
18042700
17858400
17676700
17996700
17989200
17873300
17895600
17936600
18736500
17859800
10530300
10449000
10179700
10292500
10437100
10441200
10529600
10541500
10484800
10766200
12349100
18841600
11879200
11957400
12032900
12021800
12005600
12044200
11992100
12004900
10410400
10275600
10137400
10175300
11644400
9790000
9758100
9640600
9707100
9698200
11730600
11629700
11544300
11517900
11345200
11589100
11336800
11382900
11975000
11497500
17098800
17029600
17305200
17696100
18314600
16728500
16730100
16724000
18113400
16832300
19376200
18831400
18765500
19420800
18745300
18698200
18775100
18693500
19283900
18699900
21293700
21168800
20994700
20939300
21050700
21337600
21458800
21592900
23741500
20977700
25312700
24538600
24428700
24457800
24584100
25086200
24294000
24329300
24446700
24320700
20766000
20603700
20329800
20385900
20615500
21397300
20475200
20320800
20310100
20361300
23936600
24234900
23942200
24883100
23901500
23829800
23777200
23816300
23854100
23817300
35314500
36091600
35345100
37556600
34601400
35037500
35815000
35870000
34578600
34749200
40076300
38092300
38378800
38624800
38540100
39076500
38938500
38783800
38930800
39284600
22287800
21815100
23280400
21831700
21802900
21783600
21729200
21805500
21873500
21888000
25979900
25492800
26713600
25309000
25327400
25373500
25384800
25369300
26850700
25588700
21833400
21612700
21589900
21417700
21530900
21458900
22305100
21480500
21389500
21437200
25925100
25664300
25303200
25373800
25315200
25275100
25552700
26237800
25199300
25291300
37021200
36458200
36358800
37194400
36420600
36309400
36410200
36855700
37829400
36892800
41704900
40899400
42287500
40990100
40723900
40770400
41940000
40745300
40763200
41434200
43682700
44445300
43129800
43103800
43308100
43647700
43669000
45293800
43963300
43634000
49163600
48522300
48606000
48933000
49328400
49595700
49351900
48358700
48308900
48493600
42836100
42322500
42897800
43536100
43620300
42287700
42250000
42482900
42271800
42282200
49731100
49145500
49404500
53215400
48819000
49190900
49190700
49226400
49105400
49106000
70885100
72125200
70868200
71986100
72005000
71952800
72228600
73023900
72222400
72001000
82673800
80916500
80491400
80586200
80880800
81649500
83109500
81253800
80433400
81780900
44270700
43597000
45318900
43464000
43638400
43514000
43659600
43512900
43722300
43518700
49686900
49114900
50041500
48808500
48902900
48910400
48843700
48967600
48836900
49249600
43910200
42839500
42863200
43766300
44161000
44308500
44335600
42956300
42828000
43153900
50845300
49997000
50229100
50074900
49915100
50067300
50003700
52116900
49787000
49789400
72282700
72128300
72968100
72442700
71378700
72207000
72924100
73386500
73941700
72867900
81274200
81374600
82168900
81640300
81098700
81607900
82646100
81851100
81873000
82098800
9009300
8701200
8743100
8689700
8653000
8699900
8653200
8683400
8637500
8690100
10409100
10250700
10201000
10164600
10050200
10157300
10161500
10070100
10098600
10030700
8986900
8863500
8826300
8854500
8708000
8810700
8708100
8933600
8758800
8738300
11214700
11174500
11022300
10846800
10918600
10789900
10841000
12121400
10925700
10881900
15221100
14872800
16484600
14868200
15073100
16326800
14705300
14745500
14659900
14775400
18061200
18951000
18034100
17478500
17396800
17443900
17887600
17382800
17613900
17488800
9388800
9104200
9291200
9149300
9161600
9214000
9096500
9150400
9094700
9149300
10852100
11166000
11123600
10583500
10859600
10565800
10567400
10602700
10621600
10573900
9432100
8984100
9152400
8987300
9061100
8983000
9266200
9050700
8975000
9014700
11198000
10991400
11082600
11034600
10929500
10973700
10970100
10879000
10920100
10922000
15991300
16437300
15278500
15272200
15274000
15276000
16368400
15264000
15205200
15285700
18391100
18682000
18258100
18004100
17913600
19630800
18534400
18109900
18079800
18606900
9289200
9246600
9179800
9291300
9308700
9122900
9192900
9151800
9144200
9162200
10949100
10988700
10724000
10667600
10627600
10678700
10740000
10620100
10629100
10676100
9319700
9086100
8927800
9000400
8994300
8914600
10120400
8911400
8983500
8998300
10613000
10463500
10344500
10317100
10318200
10629000
10331900
10354700
10307500
10264400
15696800
16427200
15465200
15358100
15430500
15340800
16412100
15296000
15365700
15573600
17898500
18156100
17346800
17411500
17330300
17535900
17824800
17673300
17666200
17772400
8525600
8290900
8432600
8276100
8332600
8301600
8271200
8260400
8223700
8256000
9936200
9616000
10428400
9408600
9284800
9386300
9329500
9342900
9554100
9301900
8443100
8094200
8282900
8096100
8198300
8094400
8217900
8090200
9432400
8130000
9878600
9497700
9606600
9563800
9519000
10692200
10050000
9449100
9554800
9672100
14815000
14676800
13752600
13787800
13753500
13778000
14310600
13784600
13735400
13728500
15520800
15970300
15341500
15310800
15497700
15242400
15730700
15544800
15502800
15565900
