56093200
52596600
55125100
52743600
50979600
56548700
49806700
51106800
57432900
55182800
81040800
72107000
73229400
66398900
73649900
63073400
72979300
65277700
75279400
63745400
54488000
48288100
55534800
68641500
63251100
75408200
77589700
57873700
60237300
66784400
88171600
87565300
83760500
73297200
68885300
71364200
64444600
67798300
79613800
66798100
97670300
90687900
91926300
97791400
94309800
98747800
94072900
97192500
92011800
98122400
109719200
114357400
113396300
122861200
114454600
111765200
110538100
112433300
112624900
112055000
