177018900
208145600
192876900
196926400
220744000
176513000
169326800
180184200
174903600
165800200
225113600
240323100
231878400
237400600
234967800
230121600
228901000
229973400
223477700
231840000
166827200
167986700
168611500
173122400
167241300
169176200
167951900
173114700
172924300
171680900
235153900
255815400
234965900
243842300
244881500
239334700
239298900
243481300
245351700
237059600
293027100
307598900
295812500
289665100
290487500
309485500
308884100
301145500
293524700
294170200
385048700
378609700
386113300
399884200
389328600
390032700
392227900
401901200
396517600
399429300
