174155200
196487500
201949400
193112900
209867800
170878400
165278000
167106400
171986800
169215700
229224500
228436800
227226400
234784300
235356000
236209300
225144000
230463100
226415900
228420800
162711000
171771900
164357600
161706800
164278300
170132400
165670100
165575500
170198200
167734400
232680600
230816600
234098200
242497500
241754100
235358500
242012800
238381700
234687200
239453200
294417200
302851900
291544400
285851300
296438700
298676000
287578500
287285000
299177000
284580900
382471500
385822300
392908100
383881100
392383300
381751200
389629800
388106700
395829100
393196500
