33868000
31902700
23832300
23238600
24209800
25406000
24896000
21731300
23157600
24392100
29031500
31401800
27108600
27589800
27822900
30281000
30496800
27795400
28166700
28326300
25663900
24856800
23049600
23138800
23155500
20907700
25467300
23793500
23143600
26930500
31578400
38798900
36597500
30727300
33033600
32290400
37306900
27055100
28403800
28930800
48379500
39211900
41330100
47776700
40994200
41860200
49632000
37712600
39606500
43660600
43871200
47310500
59702500
49859500
52471600
52419600
50171400
47327600
55962200
52248100
