18771100
21028100
15975100
13073400
40493900
20109400
21548600
19582100
15855100
14414100
13629400
13290700
13218900
14942900
13926000
14615900
13273500
15773800
13336300
13061300
9667400
9531000
9571600
9558300
9146200
9880300
9757800
8984300
8913300
9200000
12424400
14513300
13996600
12787100
11709000
11793200
11785500
12077400
11944700
12003900
17602700
19878500
19304500
17085800
17563100
17773700
17391300
17537300
17700600
19992600
21431900
18845600
20211200
19719900
19545900
19668700
24170000
20609900
18977800
20942200
