173971900
207044700
189708300
189884400
205768300
179317800
169737300
172964000
173180900
171824600
238208600
231573000
232268800
238115900
241057500
238621700
238725500
230709400
227441100
229289600
166297100
166510300
167670600
173782400
166527800
172207200
175792700
161394800
163189700
169550800
234050300
232829100
238913200
244683900
239388900
250710300
245621100
238521300
240601700
247270700
308657300
291517900
290203200
292159600
290677800
292572700
305645000
297918000
288807700
302889900
395632100
392506000
389299400
394448800
412118000
393171300
383552300
391878700
382019300
387174600
