14657000
12737200
15995200
12918100
37281100
17063800
12865300
15097500
19779200
15013300
16910900
17624200
16873500
16513800
13285100
12260400
11748300
14012600
12898400
12718000
9866200
9107900
9225600
9107500
9763600
9898700
10050600
10254100
10825700
12009300
14232100
15265600
12355600
13306300
12190800
12420200
12284100
12420400
12595800
13371000
25053900
22410200
19396400
19961400
22374200
19775000
23990000
23131400
19675000
19621500
22180900
22360300
25019400
28154000
22588400
23650400
23861800
25708300
30220100
26314500
