56785000
50804200
56138400
53994600
52071700
56649500
53651900
56192400
55122200
54792200
76274300
74207500
88860000
86703400
68251300
71724800
69995800
77897400
69037800
74859600
48948800
52788000
56468400
59487800
68109300
56875300
69571900
64235600
57472900
62252300
83051700
83262200
85943800
81035000
69685900
71457100
72106900
72587600
74481400
71394800
98962800
97362100
93548400
104056300
98096800
98539600
93964100
104837400
99280700
107079200
117814900
118573300
124643500
121542900
119425500
112217100
117940700
115520600
122606700
120729200
