11336600
10545400
12875400
16387100
15114300
31445700
12250800
10605900
10755000
11478000
12013500
11138200
11558100
11683200
12434400
12654600
11532300
10228400
10707400
10598100
9268700
9453400
9374800
10563000
11891700
13484600
9459800
10364100
10599900
9711100
12070200
11111600
11125200
11297400
11315500
11581900
11282400
11417200
11133900
11117900
18421400
18766000
15789200
15979300
16475900
16614500
16263900
16358000
18923000
17684900
17421700
16265100
16486300
15915000
15990900
18472000
19156900
18241100
16792200
17144900
