40710800
32251200
26345300
28565400
23427900
25062900
25227900
23266900
23352200
23967500
28513900
32538700
27544700
27947100
27989600
28123700
31728500
27606700
28102300
28036400
25621900
23901500
21432100
21681100
23093100
23238200
25634600
24522900
25779400
24038900
33207300
37830200
36664500
31297800
31401500
30495900
36351400
27378800
28422600
29511000
44667100
40827100
40009300
41961200
43519100
40713800
42267700
45902600
38721100
38266500
54809100
48972400
50623800
58125200
53216400
50834600
46728500
54335100
56765500
49227300
