50294500
50756000
51844000
50216300
46717000
48554700
49128200
49422600
49887100
49647600
54199100
56386600
58335900
63242500
62743500
65025700
55760200
54503500
56579600
58036400
51273200
50473100
55952200
50734500
50595600
50542700
52846100
57243900
54430300
58561500
78897800
73968700
77582500
79710100
68336100
72984600
71871600
70085100
64548900
63914000
85315200
81871200
96788400
85623200
88900100
88740600
87320600
91823700
87516700
89006000
93814300
93208700
97337100
92405000
94546300
95218700
96000000
98651700
97922700
98914200
