170488600
161279400
192161900
180134400
194694000
197173300
171391600
178266600
193186000
183034600
241931500
228781500
218138100
215910700
216793800
218197400
224780700
221365000
221780500
213054600
176147800
179390500
177439200
171710000
172665100
176434900
176988700
167791600
161031600
175020300
246566600
238476200
242154100
234680400
245491800
252411400
245910100
247182900
240920300
237856600
306586900
306312500
315696000
303372400
304064400
301316000
318128700
300263000
303785900
301177500
382147700
381486500
384892500
387329900
381709400
383795600
398567700
398695700
391123600
386229800
