41208000
24388600
22704200
23009600
23545800
24935900
27175400
22111900
22520400
23731900
27691700
32153200
29736700
27945300
28535300
29192500
31449400
28646300
28180700
28434400
23459200
26973300
23498800
22440900
21233000
22579500
26188000
25016100
26351000
24049500
31175600
40470400
35109800
30961900
38693500
34533300
38061200
28566700
29436900
30436000
44667600
39837400
43683700
51672500
41906900
42355200
47854200
39817900
40938400
50338200
49358800
54303300
54045800
44211400
51012600
46559200
45068700
45760300
47658500
44078900
