26052600
25623100
23089900
24161600
23895100
25562700
27344300
24081500
24934200
23997100
29189000
31372100
27911400
28447300
28611500
31915800
30072100
28275500
28396300
28266200
26765600
24300800
23960200
23939500
23775700
24157500
25558000
24501900
25314900
24144500
33900800
36838400
33096200
27209400
28167800
32262400
30570800
29765100
29652500
29377300
47717400
41073700
40859700
50480300
39578600
41331000
46398900
40857400
49786500
56432700
49265400
43867000
60337000
53297100
66753700
53726000
46058300
53088300
55514300
50112400
