3012500
2583400
2582200
2552200
3353900
2588000
2553200
2550600
2602400
2553700
3219200
2952100
2719500
2741700
2762300
2722100
2961600
2842100
2787900
2805100
2684000
2552500
2620300
2685100
2476400
2478400
2475000
2476300
2669800
2501500
2817800
2680400
2672300
2816400
2756100
2846100
2678500
2680200
2677400
3634500
4934800
4495300
5881200
4789900
4493300
4567800
4505600
4518500
4489800
4526600
4980100
4752900
4753500
4693700
5183000
4758400
4691900
4730900
4689200
4941400
2729900
2640500
2576400
2609000
2575400
2625000
2631200
2627400
2579200
2596900
2865500
2979000
2738100
2759600
2893200
2787600
2719900
2871800
2719900
2820600
2879100
2900500
2959600
2642500
2504400
2550200
2501300
2564100
2503700
2544300
2846500
2746400
2694900
2700900
2684100
2744400
2706100
2760700
2698800
2702000
4662600
4944700
4541200
4503700
4697900
4509300
4502900
4814700
4605600
4526600
4899300
4924800
4700000
4697800
4766300
4757300
4693500
4691700
5024100
4735900
48974400
47808900
48633000
49081000
49244100
49276500
56868600
51259200
48099600
49756900
58155200
56786100
56713800
57567700
57076500
57514800
57299900
57049600
57337400
58254500
46897900
46353100
47069400
47716100
46291200
46354800
46888000
47273800
47281800
47392400
57066100
55967400
58218400
55959900
55595300
55575100
55643000
56787400
55520600
55788900
79917800
81047600
80731500
81886600
81534400
81748900
81929000
82388000
82264000
81759900
95969000
95878500
96144800
96586200
100392600
96138700
97316700
96348500
96592500
96175100
48998000
48649600
48315600
48351800
48274800
48716200
49386100
49879600
48356700
49216200
59817600
59027200
58352500
58740100
60237500
58514600
58166600
58491100
58591300
58576300
47942500
46866000
47698200
49187500
48859000
48730100
49155900
47636000
46824500
46895800
58328700
57060700
57196300
57069400
57128200
57543300
57179200
59942300
56713200
56913400
81059000
81519900
81533100
79894900
80502800
84455900
82684300
82109600
81796500
81089800
97282300
97211000
101968700
95238800
96440300
97148000
100213600
97237600
96500300
96203800
152194500
139548100
143680300
144749400
144518300
140813700
140057300
140594000
140986800
140886000
172196900
169999600
170050700
169700600
172017400
170301100
169924500
169685300
171091500
170100500
147363000
145556100
145683000
145858100
145576600
147813500
145712500
145428000
145553900
143984800
184677800
184876300
182364500
182183700
182800900
182784300
184935500
182852700
182832200
182230300
239203500
235718300
239869600
239841600
240478800
239978300
241926900
251640600
236462000
240462500
309199600
303042000
332285200
303494800
307885700
303689000
304143300
304254300
305492100
307200800
165404400
145358900
148072700
150614700
149509300
145428200
144702600
147316800
149044100
148416700
184992800
183871500
192817800
212474500
217948700
260131300
192247700
189650700
189793600
190892600
158439900
152017800
156470100
155036000
151008300
154727800
148485700
185569800
152408600
149988400
190135300
189006800
191532400
188033200
185167400
185110000
185285400
195630000
205795300
195895300
250594500
246035000
248333900
270617800
257295600
327828500
284827600
249069500
250292900
249922800
326329600
331862200
363303700
360026200
364245800
338711800
328306500
327711000
320962700
328282900
153804000
155084600
158057600
182215400
159992400
169274800
161417700
158590900
158258000
160269100
236057500
200189200
200860800
195595900
194452300
194353800
194254900
193852500
193577700
193661800
159548100
152021700
152305200
152833200
155261700
154993300
152840700
153219800
152487300
152277300
194639900
197507000
192053100
192495900
192469500
192923400
193523200
192707100
192430600
195904400
249162400
257215700
260897100
250675300
255653700
262932500
251887100
257067400
258064599
258279200
338046800
341827600
343994400
333245900
356948000
334661500
337137300
334121200
334226300
334686900
161492200
164301600
166231000
164797400
164942800
164489600
164436400
187039800
162152500
164087600
209442500
208485200
208747000
210531500
208133300
207708700
208442600
207508000
207439800
207968400
163091100
165138700
165544800
165588700
167598000
166306500
165784100
165681900
166169700
165924700
212428400
210232900
210052600
210418300
210996400
210127100
211226500
210150000
209407700
210543400
280360900
299040100
280811300
282480300
281186100
280564500
279899500
279163300
278353100
279450300
365947800
364702700
384959600
363970400
366258800
364183800
362232400
364951000
363196200
363477200
1562300
1438800
1446600
1441900
1441800
1441500
1568800
1563600
1447600
1445400
1772400
1658900
1651600
1651600
1655400
1646700
1741000
2156200
1739700
1647600
1519900
1396400
1415900
1407100
1443900
1397500
1399000
1696300
1541500
1424400
1873000
1700400
1673800
1669800
1729200
1668500
1792300
1783600
1728000
1687700
2628700
2429200
2532200
2597000
2581000
2516700
2467600
2496200
2517700
2493100
2998000
2879900
2787500
2771700
2770300
2830300
2848400
2819100
2769900
2770400
1676200
1490400
1438000
1445500
1438300
1438200
1489600
1501500
1443400
1441900
1927900
1667900
1692200
1647800
1651100
1648200
1726300
1645300
1654300
1643700
1613300
1483800
1464200
1406000
1437600
1449100
1468900
1406300
1408800
1403000
1815100
1780600
1731000
1695700
1666300
1671600
1764200
1668900
1670900
1714900
2734600
2525100
2473100
2586500
2473100
2469200
2472300
2604900
2476200
2589100
2897600
2759900
2690900
3063800
2702500
2926300
2718900
2701800
2739800
2835700
9420800
9176600
9541200
9330500
9133300
9265900
9127800
9210900
9206800
9160200
11211600
10739500
10787400
10785400
10874900
10692000
11236400
10674400
10685700
10777100
9308300
9172800
9165900
9294600
9216500
9376700
9265500
9330200
9180600
9170800
11122900
10437700
10627300
10656400
10563000
10741800
10603900
10449200
10466600
10503300
15333900
15272800
15316900
15341600
15356800
15163700
15174200
15157100
15150100
15149000
17696400
17326200
17189100
17140200
17233500
17580100
17614600
18160800
20926900
27849600
13969600
10395800
10165000
10274500
10258100
10218100
10235000
10212700
10188500
10206900
11899800
11844500
11932400
11711900
12603300
12096800
11752200
11732200
11795600
11680100
9903800
10067700
9700900
9762500
9737500
9639300
9684300
9669400
10387700
9752400
11642800
12625600
11649500
11510600
11522300
11458100
11374900
11330300
11375300
11449500
17164700
17712200
17501300
16759700
16769600
16921600
17116100
16974200
16883700
16871200
19056000
19440100
18913400
18838700
18889700
19051000
19829500
19105300
19119200
19156100
21211100
21029200
21099600
21122600
21366100
21454400
21430000
21513400
21450800
22111500
25782300
24438200
24687800
24433100
24432200
24728300
24500700
26238600
24560700
24750600
20736100
20439200
20366000
20381900
20414600
20367800
20712100
21894000
20380900
20316000
24182400
24067200
23925000
23843700
23830400
24407200
23872900
23772400
23788900
23741500
35218900
34863100
35563100
34672300
35254600
35624800
35652700
36093900
35878500
35764900
38581900
38662000
38627600
38940400
38907300
39084900
39695100
38889600
38822600
38997200
22223000
22659000
21800600
21876900
21827100
21972400
22208200
22144700
22284700
22727600
25711000
25535500
25515000
25457400
25487400
25523200
25732700
26054900
26015300
25778500
21858500
22302400
21937600
21432900
21403500
21684000
21407000
21423000
22400300
21394500
27455800
25379300
25250600
25359700
25286200
25557700
25984300
26173600
25273000
25383200
37049900
36579100
36498900
36295300
37408100
36995100
37221200
37391800
38126300
37416000
41721200
40917200
41883600
41016500
40925000
41517700
42330000
41579500
42002000
41938000
44194000
54201400
43306500
43740100
44774600
45473000
45558900
45673900
45800300
45828200
49055800
48769600
49810500
49857300
50013700
52864600
50677800
50415700
50353100
50342700
45294400
44771200
44879000
43312600
42335700
42430000
42302400
44451600
42317000
42464400
51997200
49345300
48985100
49267700
49523400
49959800
50077300
49432400
49813100
49823300
74263800
73521900
73710200
73092400
72888600
70213100
71759200
72523300
71949100
71690300
81156400
83569900
80596000
83276200
83808700
83630500
83311200
83391800
81101000
79798900
44463500
43769300
43732600
43485200
43805300
44132300
44626600
44786100
44627000
44726800
49959000
49028700
49006500
49426700
49833000
48838900
48912300
48822400
48888600
49203800
43592500
42899600
43140500
44555900
42796800
43448400
43770100
44040000
44085200
43876800
50961900
50017700
50033800
49890500
50019600
50274600
50306800
50388500
50463100
50990900
71776800
72409700
74901600
72901900
71603700
73117300
72893600
73654800
75000200
73888900
83026500
81357300
83253300
81423600
82468300
84834600
81683700
81577600
82183600
82514900
9095800
8750800
8689800
8841600
8654100
8727800
8682000
8687800
8680300
8685300
10567400
10089900
10327500
10183800
10157800
10125600
10011800
10120200
10146000
10049000
9101000
8772000
8898300
8728200
8802000
8752000
8714400
8789600
8851700
8969300
11032900
11118400
11200500
11211700
11134400
11153000
11142700
12328000
10809500
10813400
14996500
14833100
14970600
15137600
15251900
15685400
15115300
14641900
14644800
14626900
18165500
19374300
17820000
17705600
17354200
17450700
18017700
17643400
17713300
17843100
9323200
9952000
9396900
9102100
9194200
9144000
9229400
9317800
9218800
9379000
10981500
10698600
10652300
10685200
10617600
10581900
11386600
10660700
10561600
10606000
9184500
9105800
9152100
9119500
9088000
8981000
9038900
9023000
8990800
9079900
11230700
12111200
10918700
11023600
10900700
10919800
10953500
10905500
10915800
10955300
15687200
15348200
15829100
15296000
15283200
15361300
15521600
16147700
15625700
15559000
18514800
18155000
18369900
17976500
17957800
17914400
17951000
18574200
18225200
18248000
9439800
9162800
9171300
9156400
9165100
9755100
9153700
9110600
9249800
9358800
10983700
10773100
10776700
10572900
11759700
10669100
10577300
10650500
10629400
10568800
9238400
8972300
8991700
9052800
8951000
9007100
8907400
9003400
8962600
9931500
10600300
10514100
10301500
10289800
10303800
10238500
10333400
10287300
10251000
10583200
15861700
16323600
15335100
15343700
15330700
15343900
15927800
15343700
15559700
15476400
17707000
18177500
17343800
17317500
17659800
17542400
17832500
17703100
17718100
17734000
8377200
8337000
8781400
8758500
8251500
8300900
8217300
8318200
8216100
8305800
9535100
9443000
9395200
9461600
9334300
9460000
9335100
9409000
9816400
9400600
8633000
8095300
8335200
8093700
8217000
8095100
8148400
8157800
8327800
8303800
9935400
11306000
10443400
9811500
10726400
9470100
9523700
9480500
9516600
9511700
14146000
13945400
13764300
14730000
13735800
13779700
13776200
13925000
14671900
13955400
15938500
15470100
15307500
16591400
15317900
15273500
15268700
15337200
15610300
15443200
