20892900
20654700
17772200
13852400
17079400
10100800
10933500
11246700
10499600
10906700
17216500
15046800
13038800
11834200
12078100
12275800
12673300
13005900
12775500
12693300
9788000
10817900
11269400
11070300
10540300
10301400
10169100
10133500
10177600
10131200
12796300
12905600
12820100
12989600
12848400
12633100
12759400
12874700
12687400
12463900
18359300
18918200
18023300
18597400
18149300
18053200
18060400
18434100
18059900
18237000
20200600
20380700
20659000
20408700
20097800
20289300
21279100
20197400
22335800
22271500
