166973700
177355100
200162500
175693700
200351400
189913300
166924300
155668000
166906900
165063600
211051200
210265800
210201300
210523900
209899100
229264200
215211800
209732800
218020500
204993100
166570700
172669800
175458900
167593900
166074900
170826000
167865000
165711900
173126800
174986000
237794800
237875300
229803100
240842300
239723300
243190400
240406900
248575900
234194100
243261800
297154500
307335300
312728800
305960900
299767000
296890800
307142100
306669000
299673000
303592600
381473000
378558600
386925500
378663400
387734700
381362000
381291300
383756000
387202900
407911200
