45209600
51257600
46467100
46841000
50890900
44639800
44338000
48410200
44522600
48636500
55864800
52774300
57945700
53403300
76208100
60913000
63585200
52257300
54334300
82610400
45899100
52049800
48422900
46041500
51682100
46240300
52172600
60210200
55751300
71913700
86504800
77201500
66231400
71225600
69665100
66057900
76224100
70370300
58605300
57104100
85524300
80469900
82787900
86585100
80215800
85855400
77672200
80320200
84007800
75890200
89951900
91353100
92664700
87214600
91340200
96468300
91708300
93757100
91625400
96835600
