10137200
11670600
13772700
16532900
12450800
11436200
17171900
16370900
21172800
16241300
19807400
20377200
18811300
22334500
27609500
24127600
20128200
14128600
12266300
12457300
10402000
10640200
10253700
10223800
10160800
10123300
10288900
10165400
10083500
10073400
13579800
13503400
12813400
12950400
12750400
12482000
12352300
12683300
12479800
12409600
17045600
16641400
17145000
17774500
18358300
18383300
17797400
18019200
18051900
18252900
18481400
18953900
19693500
20096400
20201100
20828900
22146300
20494100
21405100
20619600
