17297100
17013100
13205800
14527400
13124600
11526500
10661700
10585400
10606900
11418500
12991600
12449900
14437700
12999100
12346700
11988700
12179500
12798100
10954900
10953200
9742200
10023400
10341100
11853700
10993800
11163400
9345800
9746600
9832200
9921000
12909600
12849700
13305300
13372900
13382400
15003300
14718000
13083900
14001200
12528600
17450000
18768900
19066100
20085900
20317200
20467600
19496400
19439500
19473100
19646100
22321600
24871800
22534000
22391500
21957000
22429300
22577000
31192800
25823200
23201500
