2908700
3150000
2887700
3129700
3860700
3207200
3311400
3166300
3202300
2867200
3139000
3358200
3347100
3133700
3553400
3274000
3485400
3191700
2897100
2719500
2624000
2494200
2899800
2551100
2502800
2497300
2540800
2491800
2729900
2493800
2788500
2674400
2675500
2673400
3005600
2761200
2678300
2692400
2694400
2690600
4799000
4531200
4486200
4668700
4614500
4556500
4734800
5525400
4516500
4488600
5085700
4721800
4691800
4740200
4858200
4694800
4753000
4750100
4701000
6139000
2740900
2675700
2677000
2673400
2884100
2722900
2725800
2674100
2677500
2720600
3236200
3267400
3110100
3087200
3100100
2881300
2912300
2951000
2856300
2854500
2727400
2608200
2676300
2650700
2608100
2658300
2610000
2609900
2611600
2689000
3021400
2969600
2686200
2681300
2683500
2798400
2682200
2725200
2682500
2680300
4780300
4607300
4501900
4510400
4641300
4609400
4500200
4532500
4635900
4503100
4951300
6182000
5054200
4742200
4912500
4698500
4695400
4693300
4810700
4692800
48204600
47866600
49042200
49860500
49965100
53494100
63472500
49258500
50594800
50379800
58457900
57354600
57146300
58675100
57396700
58473800
58127900
58025500
57915100
59371500
47329300
46448800
47782500
46240300
47109900
47640500
47814400
47690900
47882700
47975100
57287700
55890200
58474200
57126400
57011400
55657600
55844600
55783900
56001300
56545100
81762500
81460300
82429500
83060900
82355600
82619400
82717200
82416800
82957400
82729900
96203900
96695700
96542900
96200600
97035500
96632900
96809300
96118200
96871100
98837700
48743500
48390700
49389700
50526700
49391500
48287600
48317500
49011000
48497800
49290500
60306500
59205200
60074600
60914600
59349400
59035200
58782100
58622600
59020200
59294800
47589800
48171100
47121900
46941500
47324600
48186200
48209300
48444400
48350700
48647500
58608800
58133400
57691200
58754100
59088400
59335300
59484000
59736300
59694400
59459000
83141500
80023000
81010100
81049600
81504900
84015100
87056200
80817500
83904400
82270300
99054700
97983300
100854400
100875300
100651500
100928300
100633000
98603400
95615200
97051300
139899200
144526000
145132700
140994900
140424000
141584300
141934900
142234600
143052000
141559300
171298200
170179400
172187700
171427200
170415200
171081100
172911000
171224900
171462600
171147200
148444900
146971700
146904600
147588100
148846300
147180900
146906200
147237400
147281400
147285900
184078500
185227700
182296300
183191600
183372200
183253300
185054600
183083500
184002700
184761800
240260500
248468500
237674500
240827500
241587700
241285000
241882700
240913700
241694800
241802900
330420200
307749400
305551200
306175100
304572400
306340300
307228000
305528000
312340000
319122900
147395200
145787600
146886900
146564800
146949600
145584900
145921700
147167500
179473100
157780600
209340300
183126700
221202800
249111500
306402700
203911700
223089300
221230300
312697800
309363100
209873900
175551800
202673100
192138000
196767100
187790500
175731200
157291200
178231800
164541000
230396200
218533600
218328100
223901000
236343200
218578600
218077600
219813000
212735300
199308700
249274200
250418800
260160700
244561700
248350500
257460300
254238100
254420500
274230100
250432600
323048300
321086400
321373000
321998200
321718900
322033800
325885600
324091700
322518600
340508700
154130800
153126600
157102800
158054400
157933200
157284500
157323700
157523400
156091900
157748400
192923200
192102900
193796900
193899400
196033600
193258200
193976800
193779300
193730600
194382400
150070900
155214200
153056700
148944300
152577300
154113600
154182600
154186800
153295700
150477400
193524400
193274800
194117500
194252100
193469400
195820400
197370100
196186100
194571300
193086900
253829900
253796200
261025200
258479600
260560300
293528600
261510900
258153100
258817600
260142200
338956800
342370300
340701400
334733600
336439700
336311300
336537600
340111900
336456800
335225000
160988800
162603000
169155200
165084800
165571600
168054400
166546800
160555600
164199800
166206900
209604500
208278200
208947900
209016100
210976000
209404100
208383900
209646800
209054800
211424100
163517200
166348500
166754600
166581700
166902100
166910000
166769600
166850000
166647000
166906300
213746000
214671600
233952800
208937900
210138900
210102800
209768800
209633800
211904500
210575100
282517600
286452100
283873200
287350200
284383100
285171400
283899600
304537500
283168700
289370300
370100500
365529300
364650500
367255600
365000900
366364500
365138200
364371600
392776200
363563400
1604500
1970800
1723800
1780100
1539200
1445500
1442400
1444400
1443300
1439100
1951400
1726500
1743000
1699100
1683500
1643400
1646200
1652400
1652700
1650100
1579500
1399200
1500900
1400600
1486200
1399600
1395900
1393900
1390000
1393100
1960800
1660100
1667500
1755900
1707100
1687600
1658700
1668300
1667900
1739400
2595200
2410900
2675700
2474200
2426800
2468100
2422600
2404100
2531700
2493300
2916900
2774400
2787800
2702500
2746100
2745000
2722800
2822600
2711500
2701000
1874100
1445400
1433700
1439600
1432100
1433900
1434100
1541400
1485700
1436400
2010500
1642900
1649800
1643300
1643800
1644500
1643200
1736000
1695000
1761300
1601100
1405900
1395700
1411300
1402300
1396700
1393700
1405800
1541300
1568800
1868300
1656700
1666000
1672300
1669700
1667000
1671700
1691200
1743700
1751300
2552900
2415100
2419400
2410500
2408000
2660300
2695600
2407100
2413900
2412300
2960600
2930800
2899100
2698700
2701400
2753200
2698400
2917800
2743300
2699900
9349300
9375900
9185800
9281700
9236500
9798100
9200000
9925700
10507400
9722900
11730900
11899100
13133900
10734100
11261900
10944100
10909100
10746400
10662100
10641400
9319200
8808500
9216000
8877200
8878300
8857300
8801400
8942500
8892100
9084600
10944000
10908400
11137200
10846800
11876900
10899100
10959700
10824600
11100700
10989100
16494500
16350600
16243600
16189900
16382600
16102900
16213700
16163800
16370100
16195400
19325500
19030100
17971600
18059900
18032900
18106300
18037100
18061600
18069400
18076800
10523500
10420400
10163700
10374700
10596100
10537700
10440700
10246500
10173900
10215700
11922500
11865600
11920200
11728000
11854000
12097100
12078900
12163200
12181600
12155000
9828300
10188500
10455400
10149600
10570000
10236800
10208300
10271100
10258300
10174500
12540000
12083800
12622600
13007200
11993000
12050000
11996800
11933000
11952400
11981600
18093200
18058100
18173500
17848100
17788100
16796200
18370800
17549700
16785800
23593500
19087800
19026900
18743200
18935300
20787700
18639100
18719400
18757000
18738400
19555200
21499300
21204700
21008500
20952500
21370300
21634300
21763100
21901600
22004600
22305900
25131700
24947500
24413000
24524200
24355400
25500000
25185200
24578200
25242700
25004000
20742200
20538900
20332700
20759500
20866000
21052400
21604500
20427400
20370800
20320800
24461700
23966700
23868700
23907900
24514400
23798600
23782200
23786600
23820000
23860700
35398500
36269900
34792100
35401100
35604400
36012000
36040700
35813600
36303100
35882100
38685400
39648300
38036800
40003500
39571700
39220300
38824800
39562200
40068100
39146900
22224100
21830500
21888500
21964200
22674400
22511700
22736500
22792400
23001600
22925900
26284800
26316400
26253700
26133200
26386800
25420100
25327800
25333300
25355000
25395600
22087600
21477900
21452700
22860500
21799300
21423400
21465800
21772200
21640600
21818300
25994200
25683700
25301800
25346400
25402400
25913100
26001200
25988300
26053200
27452000
37295400
38032000
38109500
37292100
36300500
36305600
36638200
37049600
37993900
37312300
41641200
41168600
42063500
40782900
41117200
42031200
42313700
42039700
41892200
41885500
43881800
43221500
44152400
44910900
45247300
43544500
43162500
44019000
45221300
45459700
50702000
50170300
50397900
51048200
51016400
52374100
50468000
50555200
50797400
50525900
45468100
45079900
44972300
43957800
42531400
42480300
42384100
45792800
42342900
42442000
51425400
49227600
49303100
49863300
49971900
49352600
49966000
49901700
49658400
49286300
71420200
72184300
73717200
74276400
74693800
74634900
74410500
74385800
71306100
71737700
81483700
82582300
83555600
83573500
83520000
83155000
84286700
83591500
83509500
83604300
50539900
43917400
44430100
44580000
43585500
45228000
43495200
43961700
44411800
44632300
49438400
49032000
49462600
50335100
50598000
51192800
50747300
50820700
51067100
50651600
46718700
45065000
45054100
45402300
45148400
45400400
45128200
45290200
45136400
45029400
51569700
50076900
49853100
49699800
50660500
51719900
52350700
52186000
52234600
52209300
74333100
76708100
75270700
76239100
71869400
73482000
73207300
73779500
73718200
73751500
82563500
82346300
82459200
83094100
83908800
81834400
83840900
82783900
82387100
82700900
8920400
8690000
8849200
8643800
8759300
8644400
8697500
8710800
8817900
8873500
10399100
10556100
10309200
10585100
10503800
10303100
10429800
10422100
10440100
10262100
8917100
8791800
9134100
9241900
9094800
9105000
9179200
9245400
9159100
9192900
11390100
11222100
11228800
11451600
11386300
11213800
11409900
11369400
11207700
11401200
15231700
14791900
14812500
15321500
15307400
14700600
14898400
16674000
14655400
14641600
17978200
17659100
19493700
17667100
17395500
17372700
17407000
18836900
17491400
17643600
9322800
9299200
9113800
9214700
9112500
9139800
9339400
9328900
9346700
9233500
10936500
10827700
10741400
10926800
11678900
10609700
10563500
10600100
10552800
10500500
9245600
9105100
9040300
9245600
9038900
9123400
9148000
9334000
9384800
10086600
11248900
11084900
10948700
11222800
11204800
11187900
11429000
10929900
10914800
10864100
15714600
16119500
16567400
15280300
15243200
15241500
16263500
15491800
15511700
15657900
18600800
18919600
17967300
17962000
18028900
18290100
18433100
18314000
19017500
18448800
10869300
9291000
9158900
9205900
9171700
9197800
9108800
9266900
9254600
9346200
11053100
10581000
10767800
10753200
10564100
11294100
10641800
10569900
10600700
10617800
9166800
9122200
8971200
8973700
9002900
9017600
9158400
9147100
9184000
9245200
11036600
10372100
10391400
10284300
10301900
10311600
10248600
10318800
10299300
10242900
15720100
15442500
15860600
17124400
16126100
16677900
15592600
16147500
15726100
15811800
17895300
17347100
18311700
17283400
17252000
17360200
17621000
18127800
17777400
17946500
8627100
8224800
8413700
8210400
8314900
8215700
9388100
8348700
8217200
8253400
9924100
9453400
9584000
9957100
9394100
9306300
10030100
9392900
9301300
9360700
8286000
8254700
9173100
8219400
8088300
8262300
8094900
8140000
8096000
8181200
9722000
9577300
9558600
9435500
9535500
9568500
9473100
9636400
10484200
9590600
14115500
13902100
14307400
15507700
14906900
13731700
13750000
13774500
13731900
14510000
16091500
15538700
15523900
15733000
16151400
15654400
15620200
15690800
15703800
16615600
