56002600
53003300
49527700
50759500
50508500
49123900
53222600
50903800
50913900
50915500
53140500
59912000
66410700
67150800
64805700
59550600
57932300
55016100
59815500
54281000
46439500
54529700
47958900
52324000
48684300
48651000
52765400
61915400
61654100
59959100
79355600
72512500
71872800
65127100
73439900
69293700
70558900
83453700
79981600
62493100
86286800
86723600
96254400
87376100
88175100
86128300
83590200
90340500
83701300
85887500
92801500
95344900
98160400
99453300
99513500
102311600
97997700
102418700
99669800
99542300
