2692500
2570100
2843800
2989900
2875800
3039900
2625600
2624900
2582000
2602300
3010000
2987000
2731300
2840700
2747700
2738300
2830900
2759000
2808700
2737900
2614900
2570800
2583000
2600900
2575700
2521500
2846200
2512800
2514600
2545800
2860300
2674600
2675300
2673600
2676600
2725600
2734600
2672500
2751100
2718800
4965000
4685000
4484600
4481300
4747500
4510800
4496200
4526700
4540200
4480600
4920900
6144700
4697500
4688800
5364900
4692300
4691500
4738600
4729400
4704500
2836600
2577800
2579200
2577800
2674000
2578100
2607900
2643300
2601800
2561200
2992800
2724400
2745700
2892400
2763400
2744200
2777500
2721000
2753500
2785500
2721000
2564000
2506200
2510200
2504600
2589000
2540300
2565600
2523100
2524500
2906900
2780900
2720500
2769200
2698200
2698500
2701600
2742500
2785900
2761200
4731400
4537500
4836300
5684800
4504800
4593200
4668000
4503100
4520900
4576700
5039900
4701600
5080400
4706700
4688900
6267700
4884000
4696700
4742900
4734200
49144700
47991400
48382500
49085500
48881400
49135700
53028000
58635400
49707000
49830800
58543200
57059800
57189300
57175200
57936900
60230200
57195800
60593500
58212300
59436200
46915900
46999400
47986400
47581800
47987400
48004200
48104900
47984800
47903100
48034200
56934000
55386500
56492900
57311400
56855900
56736700
56540400
56670600
56394600
56508500
84688800
83075600
83332800
83080500
82696900
83018500
83151500
84795400
83221100
82679600
97045000
96531700
98548500
96885700
96715300
97382600
96777400
96108600
98485100
101158500
49005100
48383100
49656100
50288600
50717300
50938100
50627200
48722200
49286500
48395300
59825000
59400900
60253100
58632000
59242200
61951700
58606400
58469000
59744500
59085900
47571300
49204600
48511100
48741100
48556600
48894400
48915400
49004000
48527800
48481500
59578200
57798300
57403100
57840400
58091500
58435200
58004000
58512100
58222200
58310200
82339300
83686200
84106600
84330900
84035300
83960800
87738100
82101700
85090100
83073600
97763400
97566100
96105000
98037300
100453500
101139300
101700000
100043100
95812100
97633800
139143700
141828400
141919900
143599300
152416900
143136400
143219600
143701200
144073000
142706700
171869200
170591300
171684100
171145200
172560800
171735500
173438000
172860400
173847300
171653100
144563300
148495400
149997900
144159300
145885700
146823200
146679000
147267100
146840100
147311200
184183600
186374100
183502800
192955500
185766000
183824700
184550700
184261800
184485900
184608800
241713100
245802300
244085000
242159500
242710400
242760100
242704300
241842900
242450800
244736600
324661200
307304000
306322000
307263600
305935400
305718000
306526700
306314700
305206200
308083300
143889500
148678300
149804900
149404800
150200000
149778200
149936500
152712800
149691700
149961300
182726800
184274500
183885100
180022800
177360300
178288600
178407800
179467000
218439300
178820400
147585600
145360100
148228700
149304300
148445100
149684200
149105300
148983200
148914400
148596400
186983200
190173400
190501400
190662400
191167900
191936600
193607700
185921900
186154400
186574100
246896700
249169100
242308200
248066400
247813200
250161100
248592000
247818700
274556000
248299100
321600200
316954500
317925500
318271800
317522900
323838800
317274400
318134300
314984100
338805500
153230600
158962600
157700700
151776600
156134200
162647700
155021200
154444900
156057600
156206900
195030700
198535700
195163500
193705600
193004100
192635200
192666200
192969000
192430500
192645300
149355400
154616400
157371900
155580700
206702000
177684000
159879800
169258300
158094000
155282100
194579600
192719900
193533500
196771300
194527700
194449100
193957100
194229800
194743200
193746800
256121100
263276800
256343400
256586500
258149600
306494100
262128100
258438700
257513800
257990200
335793300
336659200
335976200
342957400
392566800
338427600
339792400
384694300
403501900
402118700
227554000
236219700
234621200
215409800
211127500
181477000
185830500
186148400
181882500
184417200
237746300
240478400
246769400
255528000
250084000
256366900
256654700
261059800
255223700
262300900
198515600
201596000
202605600
202498300
204309800
198680900
196547800
202774400
201050000
197261600
262552000
265472700
276529800
276583800
257179500
276697700
262591200
258108200
263076900
262778200
338578500
346854600
338832900
339991300
343690000
338354700
343292300
365486800
340321800
345236100
454239000
450638800
449440100
452147100
445850100
448958100
452055100
438539700
424265700
383756100
1617900
1581400
1484800
1567700
1532700
1484100
1484800
1478700
1479600
1478300
1860800
1759400
1699500
1739500
1763800
1734800
1698200
1704500
1692600
1702300
1621500
1439500
1501300
1511000
1490000
1506300
1441600
1439300
1499100
1486100
1938100
1708600
1830500
1896600
1856600
1791600
1726900
1713100
1740100
1760100
2749400
2496100
2604600
2584600
2531300
2529500
2608600
2583500
2608300
2560300
3000300
2788600
2900600
3701300
3688300
3076100
3091500
3103800
3110300
3301000
1793800
1676000
1642500
2802700
1855600
1617100
1610700
1611200
1601400
1593900
1917000
1829400
1923000
2015200
1884000
1770700
1774200
1825700
2277600
1732100
1630300
1600600
1474100
1470400
1471300
1469600
1466100
1616200
1499300
1470200
1884600
1724300
1785100
1795100
1745300
1746000
1816200
1747100
1750500
1749600
2754400
2630400
2568800
2592900
2539800
2532300
2537100
2614900
2627500
2576500
3026500
2862700
2827100
2975200
2834600
2954400
2844400
2837500
2837800
2900200
9618200
9489200
9366300
9621300
9449800
9397900
9420000
9366200
11030000
9726300
11594200
11432400
11420000
11181600
11440400
11627500
11397700
12156600
11767400
11636600
9766800
9796000
9598800
9647100
9588200
9596000
9668800
9522600
9526800
9569700
11532800
11506600
11293000
11258600
11325200
11090000
11306300
11274400
11195400
11157100
16684500
17549400
17174600
17224600
17147300
17114000
16876700
15628200
15243200
15148800
17779700
17556400
18045100
18047500
18255400
18481100
18484600
18455100
18514500
18652500
10561200
10240600
10414300
10701000
10739700
10793000
10922700
10862300
11013500
11018400
12579800
12715500
11820700
11748600
11741300
11764700
11861700
11729100
12412800
13705900
11685800
10673900
11075000
10793500
10216100
9738900
9910800
9951800
10204400
9943300
11717800
11593300
11311000
11446200
12192900
11638600
11814700
11768500
11943800
12001600
17882800
16846000
16791400
16765500
17401800
18182800
18256100
17303100
17484000
19047100
30488200
18763400
19156900
20155700
20677300
18588200
18684000
18675300
18952300
22473700
21968200
21233900
21277400
21927900
22070600
22259100
22202500
22699000
24995100
24518100
24784700
26122400
25633000
27334700
25884200
25913600
26006200
25197100
25206200
25081800
21046500
22570000
22293300
22151700
24433200
23542300
31257900
38893700
36725800
37231800
46494800
37152100
39769100
31171400
31628300
34884300
42146000
40469500
37817400
34384400
57744700
56582600
50181300
69374600
47919300
47221800
45259000
44007900
46723800
42296500
45942700
43876400
44944100
42960400
42090800
42628700
42675100
43326200
43241200
42182800
24003100
24667800
23903900
23273800
22924900
23098900
22892900
22954500
23010800
22561500
26826900
27188500
28680200
27770300
30615000
28059900
28194900
30130800
28201400
28305100
23964500
23545000
23177800
24655300
24146900
23551300
23792100
24108500
24012200
24472700
34382300
30800400
29692300
29910800
35460500
29758900
30454800
30829400
30205600
31392800
48742700
44466600
41539000
42595800
40257600
39878600
39332000
39281500
39654700
39333000
44411200
43713800
44193900
52607000
56849500
44066400
44427700
42899500
43166500
43221200
50327300
59032600
55592800
55971000
58204400
55073000
59168500
55685800
64374900
52240600
70046100
66036900
71075500
58757000
63984800
74607800
61498500
60510900
60553500
60507400
63446300
64959200
58962100
52056400
52233000
63342200
53928300
52852300
54546800
56715900
61981600
67262300
71848200
61222600
59652500
62223900
67694200
68136000
61368100
73101000
102852400
98463800
84838000
90348700
87476800
89512300
88027100
89394100
87424400
89186700
114115000
115722100
126181100
129376000
113782700
103956600
120009300
95808100
101846500
106413000
54438200
60389400
56229000
54305400
54195600
55588400
56138300
55973900
55677000
59957000
66432200
62427900
65560600
61589200
67864900
71892400
72092800
64619400
63673600
63991600
56783600
56273900
80127200
65296900
62767000
62375800
59521900
64998000
63923000
53511000
68893600
64744800
63806000
64457300
64082100
65033900
64917400
64703200
62331800
71938400
101425200
90248700
90439800
101181400
95115100
91889900
92379000
97068200
93598500
91249300
118731900
103438600
110303600
107203100
105264500
109561300
108796300
107397400
108022000
106534000
12350900
11247300
11498300
10982300
11244700
11315000
11018500
11648700
10846400
11091700
13953200
17665800
13093000
13464900
13176900
13015700
13061100
12958200
12817200
12533100
11148700
10900600
11115700
15939700
15542700
10887100
10737800
17259000
15081200
10561500
13432300
16733900
13424800
15988100
15424300
17037400
15569300
14720300
14460400
14091300
19496900
19224400
19092100
18868100
18320900
19633500
18602900
18461800
18624300
19119500
24821600
23964900
23561100
25423700
24333800
24013400
22968100
22607700
22933100
24611400
12645900
12330200
12913900
12512200
14960700
13231900
14502200
12203100
12633600
12196500
15631100
15622400
14686100
14238100
14321300
14725600
14372000
14207300
14634000
14674400
11798100
12573700
12370900
12268400
12735100
13107200
14796000
12631400
12188100
12484300
15250800
15212300
14976100
14715600
15407300
15296300
15771500
14556000
14721800
15108600
21023300
20242000
20900700
22239800
20262100
20346600
21270200
20720900
21526100
20526300
24904900
23336800
23734300
24035300
26768000
23488300
23705900
25101600
27185500
23887500
13241600
13260700
12424000
12872700
13017200
12964100
12891300
12954800
12583500
12167700
14976900
14668500
14112200
14072100
14237700
15377100
14925800
14876000
15539700
15779100
13445300
12149200
12557300
12499000
12392900
12382800
12532700
12352600
12528500
12887900
15780500
13831900
13958800
14186600
13316200
13371200
13384500
14070800
13980400
14382200
22681700
21712000
22899400
20693700
21584700
21290600
21025100
20764600
21899600
20505300
24169800
22892000
23134300
22656000
23502600
23967800
22348600
22709400
22886100
23790400
11595600
11874900
10892800
10981000
11406900
11777900
11446400
12162300
11787400
10731500
12841200
12791100
13098800
13389600
13058700
12767700
12829700
13074500
12967300
13275200
11054200
10833700
10559900
10928900
11394600
10456000
16858100
10439100
10918300
11158100
12300200
12253700
12243300
12344300
12247300
12520900
12807100
12810600
12384000
12357300
19539700
20078000
17933300
18659400
17585700
17904400
18016600
17530100
17224100
17449300
19736600
19904800
22671100
22343700
20443800
20883600
20972300
20833100
20757900
20200400
