27017800
25990800
25224700
24975900
22882200
23758800
24055600
23959900
26479300
24550100
28295900
28719900
29109600
31374900
28742000
28776400
28683600
30085200
31082300
28894000
24019800
23916100
25872000
25312900
24216600
23779600
24801600
25288900
27481900
31004500
31075000
32446800
28929700
32000600
27750600
28027800
28794500
30559300
33068900
26831500
39794800
42969100
44727900
41494400
41653100
43653200
42569700
42377700
51366200
43738700
52080600
51927500
53216600
54455000
51941000
53882000
53225900
54251400
53131800
49486500
