52906100
47520700
47116000
52886000
49881000
46038400
52296100
50585300
44898500
51201200
53281600
59550800
58732400
64847500
62673100
56259300
60019700
58058600
62425400
58535800
58520100
51775900
51753600
51986900
48369900
53655900
58945100
55248900
61985200
62732500
83629100
77097700
75706200
71174100
69485300
82357200
77290400
65030000
66262400
68014600
88537800
91808700
94333100
90523200
82917700
84994500
90379000
90316600
91630200
87710700
90235000
96496000
97373500
94984400
95947900
96243900
95524100
97710000
99967400
103044100
