10604200
14599900
12529500
16017300
18505300
15322800
16933400
10276900
15003800
16298700
18351900
15569900
16582900
15286800
16674200
13456600
12562100
12996600
13574600
13714800
10041600
9165500
9506200
10323700
12068000
11575100
12673000
10242600
9675900
10173800
13344200
11906300
12081000
12566000
12963000
13672100
15752900
14844900
13342400
13168000
17435900
18273300
18715500
19065800
20542300
20686400
17193800
19086900
20049000
20473600
19966200
23150400
25198900
19963100
20623900
21600400
21994300
24726300
27398900
23223300
