9964100
10481200
12929200
14957300
40961200
14235400
16664600
16053100
15324200
14653100
15661500
13928800
16872800
19724800
13651900
15647900
13245100
12736500
12173100
12520600
9025800
9871400
9645000
11671400
11059900
11526200
9538400
10026800
10102900
10155400
12725900
12962400
12845000
12933500
13170000
14530000
13983200
14074400
13222200
11692400
16693600
17912200
17951600
18298500
20672500
19950600
16361500
16665100
17378200
17660600
20806600
20427700
22777500
19931500
18628100
19863900
20312000
20500500
24270900
26700200
