55317700
54029800
57272400
49724700
50311100
56349200
50584700
55621100
53845900
54396400
75812600
81316600
78257600
90993900
66490200
70510700
65949100
74389700
69402400
72945300
51903600
61956800
56633300
59753700
70446400
64528000
58099300
57144100
58935100
64029300
85465600
85309100
81502800
81783900
68226800
73436900
66185100
69956300
72994500
73877200
96158800
99693400
98660600
99379700
96051300
100685200
95877800
99500900
90518600
94415400
112297000
119748900
115690700
116707200
116233900
114774700
107219900
112557000
118358500
118699100
