157010600
177716000
184719300
189610800
183241900
193440500
161746600
169360400
162326200
167738300
211561000
216445500
218351000
217172100
211017400
222041900
222943400
220711700
211353900
213600900
164839700
171091200
179239200
164162800
179465100
184926900
168049400
172973500
179472300
181349000
243359500
250248100
233767800
239783100
247014500
249774700
241217000
238012600
247289300
241911700
307639800
304985400
298671100
308670300
302658100
316625900
313592300
311342800
303512900
307623000
397622400
391684000
391486000
393855500
384542800
392027400
381478100
378001600
396151400
399340600
