9275200
12687100
13247900
13411900
13078100
14364200
10402200
18224600
16835700
19557000
26495900
19617700
18380200
14796100
13314300
12455600
13420600
16070500
15152600
15369600
10433300
10370100
9049000
9146900
9488600
9517900
9718800
9708100
9911000
10119400
13617100
11951300
11769300
10196000
10451500
10877600
11112500
11160400
11383700
12041900
15664600
17845300
19021000
15580700
14911700
15568600
16669500
16054300
16384400
16743600
22321900
18413700
17202900
17967300
18288600
17858000
18082600
20734200
18828200
18217200
