57360200
53735500
61333700
69029600
59510600
61621000
55846400
56718500
52621300
53379800
77151800
110668400
73703400
76793900
72580900
72838800
70672500
72323900
67581800
76180700
57287800
65311600
60118400
68963800
71393900
58718600
59961400
62904800
72070300
66161800
90055900
93408400
69209600
74200800
73111300
71522200
76754300
72895900
71582200
71531200
93570900
100768900
100799800
101369900
98215300
101276400
98494000
101515700
98143300
102321100
115645600
129951700
118494300
122959800
112178000
119191500
119592500
121021200
123734000
112047100
