164890400
204065800
262514300
187091700
201232800
181917000
174651100
162764900
166463000
164180400
219290800
227052500
227386200
230301600
232086100
224516200
222905500
228611500
220704400
224745000
170861400
163053900
157867400
159913400
165345200
166593100
168991500
167854400
168566800
167472200
224678500
229701200
231447000
233716700
238393700
236480300
241982700
239327600
238739200
226737000
292359500
299538900
289198000
293149800
287243900
292116100
302553000
287535200
283400200
300563600
389500400
383118900
387331300
398661500
395413100
381931500
390763400
389717500
393171900
386196000
