656
621
669
629
589
608
593
563
565
588
558
595
617
545
582
562
546
592
604
557
647
538
643
629
642
608
637
542
648
568
599
559
584
629
558
559
582
560
552
588
559
601
610
619
618
559
644
585
642
549
644
565
649
613
564
583
550
564
580
548
584
571
551
616
589
645
589
626
614
687
644
668
672
744
656
701
650
658
668
671
679
677
689
668
661
675
689
675
696
678
691
693
694
680
658
571
665
581
547
596
564
606
636
551
548
592
545
547
597
613
562
675
561
635
573
618
605
623
564
640
597
586
593
552
597
569
543
595
558
558
588
554
629
616
546
665
550
646
586
630
591
645
595
650
562
590
566
556
583
560
574
589
548
617
567
542
652
562
591
621
599
638
615
643
569
634
549
665
557
551
584
553
544
624
574
571
568
550
607
553
634
584
635
605
658
559
668
547
614
589
562
648
563
562
601
552
661
548
554
595
542
590
565
555
706
557
664
552
660
585
644
619
641
555
693
622
573
580
553
573
585
560
596
543
570
606
555
593
611
563
670
557
620
603
620
635
629
538
656
551
554
596
549
545
597
590
595
585
553
569
583
619
568
650
555
653
580
618
615
619
580
657
586
580
583
542
627
573
552
588
553
540
592
558
608
600
613
624
561
612
603
607
646
633
552
651
599
552
594
566
540
588
554
544
602
550
563
608
613
597
629
592
608
591
627
602
577
654
539
684
547
563
586
557
578
566
539
595
595
550
591
550
627
604
622
544
639
565
662
578
573
658
547
611
609
560
587
575
594
619
543
568
587
547
589
563
620
611
649
584
633
552
621
577
627
572
635
565
590
586
541
585
563
570
599
564
558
598
552
603
616
560
671
560
618
607
611
599
627
604
660
567
592
569
580
598
572
576
576
557
660
549
546
663
562
614
596
606
611
616
603
612
596
566
661
546
553
608
579
548
616
569
567
586
559
583
581
631
571
628
565
662
565
609
581
594
593
575
604
600
556
697
656
660
666
558
563
608
540
563
658
604
640
569
635
601
591
559
647
578
569
662
561
568
575
548
606
714
677
702
592
628
584
679
585
628
597
614
595
649
578
683
551
603
625
542
547
589
535
554
615
591
566
582
598
594
557
640
590
619
615
667
578
646
560
650
575
638
634
559
