745
631
670
596
563
592
601
589
657
574
563
602
563
589
662
581
723
632
683
590
643
606
654
580
673
580
640
586
553
603
571
557
614
582
578
650
663
607
616
583
661
599
667
582
589
650
642
624
592
584
624
578
560
626
572
564
632
579
627
661
575
657
582
736
605
633
677
636
648
646
590
625
577
565
632
561
658
558
568
617
554
565
657
569
642
604
705
664
629
572
671
585
648
610
575
592
613
575
628
579
579
618
559
567
625
650
630
646
572
660
580
620
626
635
689
658
585
623
573
584
621
566
583
597
591
651
570
560
657
575
659
604
627
659
676
566
654
572
648
604
563
588
580
563
620
576
561
593
565
577
583
661
582
657
597
693
570
651
590
616
621
625
603
613
595
653
587
568
599
590
566
611
574
569
655
606
635
592
677
794
765
768
771
840
676
591
597
570
639
607
603
625
589
644
603
611
623
592
598
630
621
620
636
609
646
570
639
590
564
589
581
601
629
579
571
683
741
646
680
613
685
643
654
607
633
615
635
571
674
609
593
647
567
625
572
565
615
570
567
606
560
694
569
617
623
625
585
676
562
653
696
823
634
574
591
592
571
598
586
575
599
610
553
610
626
568
644
618
660
597
640
613
658
577
679
581
577
618
558
596
611
725
771
712
846
841
726
732
622
755
665
684
623
677
593
696
735
698
785
713
724
718
732
755
724
852
713
789
690
778
734
797
745
722
765
695
710
686
751
661
724
674
676
695
727
731
714
707
748
686
779
671
766
774
819
770
672
596
588
620
592
568
627
554
585
678
583
686
595
673
595
627
617
631
580
690
587
581
639
582
707
678
667
724
687
703
728
861
843
911
804
729
688
774
679
767
688
655
722
662
693
655
680
660
679
657
638
573
670
590
632
613
687
634
624
625
617
602
606
564
588
571
609
619
555
565
609
564
557
676
576
636
653
608
646
618
593
670
583
609
687
572
655
575
572
621
562
566
612
575
588
597
638
617
655
580
667
587
633
636
610
632
688
581
628
566
592
607
570
592
598
575
601
596
556
700
563
654
599
616
636
627
626
665
580
607
647
565
587
593
569
679
715
739
708
664
649
639
613
684
588
655
606
603
643
602
654
633
614
708
592
583
625
571
597
604
582
596
584
550
