225
203
228
216
208
250
230
194
190
191
189
183
190
238
230
190
193
183
192
190
190
206
218
199
190
196
196
197
194
205
210
206
192
196
190
192
237
228
224
200
194
192
259
221
193
207
217
199
260
190
199
190
210
231
269
191
188
192
189
192
233
232
216
195
191
191
247
206
222
227
197
216
213
189
195
190
209
212
197
194
191
195
187
229
245
236
201
195
189
188
194
183
210
232
220
190
186
190
192
191
194
205
219
219
228
196
191
190
201
219
255
193
191
190
188
199
252
225
210
192
189
191
250
217
207
214
188
189
238
211
200
220
216
200
240
202
196
214
210
201
190
194
195
182
188
218
217
187
191
192
194
197
203
250
218
194
194
194
192
188
186
228
227
205
193
189
190
190
191
201
213
208
242
198
192
193
202
222
250
200
191
191
197
192
258
223
198
197
193
196
251
225
233
199
196
193
249
200
197
218
212
194
251
197
197
192
226
210
191
190
199
192
193
192
201
217
204
197
189
216
229
209
192
209
205
191
185
189
191
194
194
206
209
203
189
190
187
186
195
193
278
244
227
223
223
226
253
249
245
245
234
264
239
236
245
236
254
246
216
225
232
236
289
219
225
231
219
254
254
230
222
228
223
234
230
273
234
218
221
225
225
228
231
225
225
219
223
222
237
230
222
222
217
218
223
225
238
224
228
221
289
256
241
215
225
245
243
233
253
241
222
265
196
192
190
231
211
245
202
189
187
193
202
264
205
189
196
201
191
270
253
219
204
189
194
191
188
200
207
213
186
189
192
188
189
198
207
216
200
193
191
189
193
193
200
207
210
193
194
212
207
186
215
220
192
188
208
244
186
205
218
192
207
251
215
221
222
210
249
228
195
192
195
196
237
235
196
194
221
197
204
242
213
204
194
192
207
234
192
225
215
198
194
192
188
185
199
233
222
189
185
189
190
191
190
214
215
222
210
190
190
189
190
219
217
207
188
191
187
190
190
190
216
210
239
255
187
190
193
233
240
238
189
189
189
191
215
271
220
194
192
185
189
254
221
221
186
188
188
250
187
217
221
188
197
253
189
205
214
232
189
193
192
191
194
203
219
222
195
190
190
189
186
213
218
186
187
188
191
195
190
213
209
198
190
193
190
190
188
194
