1122
1085
951
1033
996
1037
1072
1019
1098
1073
1025
1068
967
992
999
993
1009
979
1050
1031
1005
1091
1107
1119
1053
989
1002
1006
991
974
979
980
1053
1109
1120
1021
1066
1098
1113
1057
995
989
1009
968
988
1107
965
1074
1059
1042
1075
1074
1027
1092
985
1010
1001
999
994
1028
1079
1052
953
1064
1078
1040
992
989
1056
1037
1007
976
1002
1009
1090
1081
1005
1066
980
1039
1076
974
1004
1064
984
978
1083
1053
1025
1025
1075
1099
1111
1016
981
983
1009
987
1078
1002
1101
1026
1093
1049
1098
1075
1069
984
1013
985
1068
1030
977
1127
1047
1028
1076
1085
1042
1079
1005
1004
1002
964
983
1012
980
1073
1133
1078
1009
1012
1024
1090
1005
950
1008
1013
1003
1049
1026
999
1112
1107
1062
1078
1041
989
991
977
1037
1041
981
978
1073
1032
1052
1053
1117
1056
1076
992
1006
1033
940
998
973
1003
1063
1097
1067
1096
1057
1081
1085
1007
1000
1014
1025
1019
1020
1063
1056
1056
968
1051
1101
1053
1074
1002
961
988
1006
980
1008
1010
1069
1126
1061
1076
1021
1041
991
1162
1183
1096
969
1009
1128
1015
1073
1080
967
1036
1108
990
1008
999
1016
1032
956
1093
1078
1097
1155
1196
1255
1234
1159
1123
1151
1114
1134
1201
1254
1241
1215
1130
1081
1055
991
1006
951
1032
983
949
1006
1050
1103
1107
1070
1040
1035
1056
959
1057
960
981
982
962
1052
1094
946
1141
1129
1035
1059
1030
943
996
961
974
995
1009
1066
1050
1048
989
1122
1080
1075
1015
959
985
996
1004
995
984
1021
1071
1022
1089
1081
1032
1078
1018
977
1022
1017
961
1018
1077
1041
1036
1101
1046
1069
1062
1106
985
1045
992
996
995
1026
1039
1082
1051
1105
1040
1047
1101
1004
1060
1034
957
1021
991
1015
1076
1032
1015
1078
1070
1037
1031
1023
1016
1108
1042
987
1053
1020
1065
1086
1025
1050
1009
1039
1057
1003
995
999
1022
1023
1069
1087
1042
1026
1033
1074
1077
1002
1001
987
996
1011
1015
1157
1060
1023
1065
1091
1064
976
1094
965
980
999
1049
1063
1031
1048
1167
1055
1025
1103
1081
1050
1025
1003
948
1012
1049
963
1000
1098
1038
1134
1099
1011
1005
1125
957
1006
974
981
998
1011
1047
1102
1217
1063
1106
1091
1060
965
1019
1009
952
1047
1021
984
1250
1215
1074
1058
1034
1129
991
1033
982
971
995
955
1003
1096
1071
1106
1090
985
1068
1061
1068
987
1010
941
1001
1007
1051
1006
995
1061
1061
1077
1077
985
1002
1087
959
1035
999
955
1048
1148
1223
1201
1044
1107
1104
1014
1011
1009
1067
977
1009
1072
1052
1032
1049
1017
1060
1054
1032
1006
942
1006
1004
1068
1014
1070
1022
1049
1033
1055
1129
1030
979
997
963
