786
827
677
732
675
732
689
712
814
791
705
770
714
768
745
766
788
742
753
692
709
720
707
726
684
732
736
807
746
743
763
701
800
697
811
759
738
671
719
734
678
753
720
748
693
713
769
737
736
783
731
850
719
745
787
701
730
674
707
735
686
709
673
732
680
819
693
821
825
755
752
698
778
773
752
722
733
672
714
690
787
784
820
888
857
885
894
814
900
875
865
926
791
830
809
865
830
795
852
812
782
692
803
777
701
820
708
800
726
750
671
697
743
673
764
668
716
708
699
799
707
781
747
765
734
739
748
727
748
731
732
741
674
721
689
706
698
680
809
761
789
680
831
744
730
764
764
793
715
677
686
702
683
720
671
726
709
803
693
822
678
831
713
771
825
756
750
718
704
694
735
677
775
670
710
674
700
759
739
725
756
754
752
810
688
798
712
691
703
751
712
679
749
678
743
680
783
805
700
774
684
781
700
797
828
798
686
697
716
681
709
671
763
678
732
772
742
793
771
726
765
743
764
776
709
679
722
709
756
685
758
704
689
702
756
764
723
819
698
830
699
806
746
743
682
714
711
739
699
706
691
679
728
771
716
805
811
680
793
677
813
745
745
740
675
729
676
715
675
722
677
751
797
746
767
730
760
766
724
771
806
731
733
694
719
673
707
698
736
698
682
784
676
840
770
753
783
763
748
742
769
723
692
724
673
756
705
670
726
684
834
684
798
778
733
806
675
785
689
823
698
717
728
684
721
672
747
678
706
797
769
807
740
756
743
738
756
755
808
726
690
750
682
736
676
732
754
728
794
720
798
693
791
745
769
760
758
743
718
706
704
709
697
769
675
739
677
774
705
823
714
844
754
721
764
776
741
705
714
707
719
699
722
684
722
712
751
753
799
731
752
831
676
806
671
802
744
685
743
676
736
680
726
718
751
777
726
771
693
789
821
738
801
754
735
745
682
745
679
734
695
756
719
693
815
741
772
721
765
811
733
760
762
753
718
694
723
751
748
723
711
728
697
814
692
827
910
926
981
833
699
803
708
772
680
752
724
675
729
688
726
790
686
771
689
769
731
786
774
785
775
811
676
723
677
729
672
754
682
710
762
735
763
727
780
770
744
763
710
794
727
707
723
692
767
685
714
677
695
796
