22
17
18
14
17
19
16
14
13
19
16
18
13
16
13
19
17
12
12
16
12
12
12
12
13
15
14
14
16
16
12
15
12
14
13
13
12
13
16
14
17
13
12
14
12
13
13
16
15
15
15
14
14
12
12
13
17
12
12
12
15
19
16
14
14
14
18
14
12
14
18
12
12
12
12
12
11
11
12
14
13
12
12
12
12
12
17
17
19
18
12
13
13
16
15
14
12
15
15
18
12
12
12
14
12
12
12
13
14
14
12
13
12
12
12
12
12
12
12
12
12
11
10
11
16
14
12
12
12
12
12
12
12
12
12
12
12
12
12
13
12
14
16
15
12
12
12
12
12
12
12
12
12
12
11
12
12
13
14
13
12
12
12
17
13
12
12
11
11
11
11
11
12
13
12
12
12
14
20
12
12
12
12
12
20
16
16
13
14
12
12
12
12
11
12
12
12
11
10
11
11
11
11
11
11
12
15
13
13
12
12
12
12
11
11
11
12
12
13
12
13
13
13
14
12
12
12
12
13
12
12
12
12
13
13
12
14
15
13
12
12
12
12
12
11
11
11
12
12
12
12
12
12
15
13
13
13
13
13
13
13
12
12
12
12
12
12
12
12
12
13
12
14
13
12
12
12
10
10
10
10
10
9
9
9
9
9
9
9
10
11
14
14
12
12
12
12
12
15
14
12
13
12
12
12
13
12
13
12
12
12
16
17
12
12
12
13
13
13
13
16
13
14
13
12
13
13
12
12
12
15
14
12
12
13
14
13
15
12
12
12
12
12
12
12
12
12
12
12
12
12
13
13
14
14
12
12
13
12
12
12
12
12
12
12
12
12
13
13
16
12
13
12
13
12
12
12
12
12
12
12
12
13
15
12
14
14
12
12
13
14
13
13
15
12
13
12
16
15
13
13
14
12
12
12
12
12
12
12
12
12
12
12
12
15
12
14
15
12
12
12
12
13
12
12
12
14
19
17
13
18
19
16
15
19
17
15
18
20
14
25
17
18
16
15
12
12
12
12
11
10
11
11
11
12
12
17
17
14
12
12
12
15
12
12
13
12
12
12
12
17
14
18
16
13
12
13
12
12
12
12
12
12
12
12
14
18
12
18
20
13
13
17
13
19
14
12
12
12
12
