307
241
311
251
259
300
267
299
242
236
229
248
319
253
230
231
230
300
279
232
230
238
285
276
253
239
238
278
244
269
274
238
229
229
231
239
249
269
230
233
230
239
275
266
232
230
228
238
241
293
260
244
242
241
271
277
263
284
251
226
233
261
294
280
238
241
230
258
304
256
226
229
260
272
248
265
230
284
286
234
250
253
288
253
233
234
230
263
260
229
233
228
236
237
256
246
226
233
233
231
240
271
261
259
230
232
241
235
264
248
227
230
229
249
294
258
237
229
242
303
231
258
254
274
277
233
239
280
302
261
226
227
231
299
301
288
280
243
308
276
244
232
233
227
233
252
265
232
238
230
260
276
244
247
228
226
229
249
264
263
240
227
231
231
239
246
257
244
232
317
251
227
279
258
303
258
237
244
267
293
237
242
234
247
360
264
255
230
241
309
261
230
235
241
295
239
260
257
267
248
226
226
229
260
237
236
230
236
229
245
250
237
231
232
232
227
250
260
240
228
236
227
231
253
277
304
238
229
231
245
293
253
230
233
229
317
270
238
230
229
314
285
262
236
235
302
242
282
277
235
275
239
246
242
264
251
228
227
228
228
242
260
244
228
227
226
238
244
262
245
229
237
266
244
236
248
231
230
232
232
235
294
250
228
230
234
258
284
246
236
243
254
271
236
263
260
264
287
236
236
240
290
262
241
237
242
283
291
246
234
225
228
231
280
266
228
228
226
228
229
280
259
270
231
228
235
230
266
252
228
227
228
228
228
258
254
232
240
298
236
266
251
233
328
268
295
273
232
232
252
300
241
256
238
241
301
232
227
271
271
282
234
238
230
255
318
237
236
231
234
258
261
240
243
226
279
246
259
255
237
238
232
228
226
253
246
234
240
235
235
226
244
248
239
265
289
231
238
253
289
269
228
228
238
282
278
237
234
235
237
314
259
238
234
233
289
256
261
232
286
273
251
244
255
275
250
237
232
235
246
239
228
228
231
241
257
253
227
225
233
233
261
254
238
267
236
228
256
264
256
291
240
231
230
242
321
233
230
237
227
289
271
258
236
229
297
233
232
298
258
292
241
232
240
256
295
238
239
230
246
261
230
241
231
238
256
264
238
238
230
237
246
260
260
234
241
227
242
263
231
