881
894
803
853
754
901
780
861
880
789
872
842
854
832
800
741
833
790
770
800
817
764
845
738
876
834
803
856
868
741
877
754
818
771
823
750
782
758
792
802
847
838
923
821
868
759
879
924
840
816
805
766
834
739
807
770
830
842
866
758
855
815
797
818
889
752
816
740
777
753
766
783
819
755
851
806
818
876
795
844
871
752
875
770
764
767
817
764
764
764
815
847
773
887
877
812
853
827
818
863
800
818
787
769
784
753
777
781
784
861
830
758
866
837
807
863
857
782
811
760
811
758
804
759
843
742
873
768
858
834
825
863
880
738
885
750
795
735
811
800
809
767
932
897
886
809
879
755
862
838
845
860
870
740
797
755
806
743
801
754
889
742
859
797
944
921
974
1127
954
942
901
1042
1024
987
964
1046
1222
994
948
991
826
825
850
844
776
838
808
948
909
912
990
895
999
1000
946
997
1000
1063
927
984
980
932
1001
940
965
987
928
1097
970
958
830
793
900
806
750
807
802
799
773
844
744
870
780
872
818
818
853
855
755
882
749
793
751
806
759
802
735
806
760
857
821
833
833
883
758
885
943
828
802
799
746
814
756
822
762
806
882
845
758
876
833
806
835
871
779
825
747
805
764
811
745
837
755
859
757
847
843
831
848
863
771
862
764
784
747
793
809
776
765
802
866
831
823
893
803
835
827
818
870
764
871
740
810
803
800
766
768
854
873
841
787
838
844
789
865
888
783
772
784
761
777
757
761
789
761
844
829
792
830
796
853
868
784
845
802
771
769
782
778
812
752
793
830
815
835
893
790
885
864
827
854
836
763
832
748
825
748
795
763
838
813
844
770
856
876
841
860
864
768
776
773
778
777
799
790
793
738
898
902
786
831
904
747
867
814
824
752
798
749
813
740
788
753
768
840
811
812
904
774
938
834
813
830
799
812
791
761
762
770
753
789
843
822
846
828
794
841
761
857
885
773
767
777
755
780
755
798
782
793
839
875
758
869
781
823
855
846
794
862
752
781
1122
857
836
842
813
844
838
864
897
950
905
809
913
770
845
754
804
761
808
763
795
843
830
855
898
773
905
804
818
900
806
795
808
766
824
747
828
752
923
822
993
910
815
883
880
796
899
855
768
772
807
834
761
816
767
889
754
840
879
