21
16
13
14
13
13
13
15
13
12
13
12
13
13
16
15
14
12
11
12
12
12
12
11
12
12
12
12
13
17
18
16
13
17
16
12
12
16
13
12
12
11
13
12
12
15
12
12
12
14
15
15
12
12
12
12
12
12
12
13
13
15
13
12
12
12
12
12
12
11
10
11
13
14
12
14
15
18
15
12
12
12
13
12
12
12
12
12
12
12
12
13
16
16
14
12
12
12
15
12
12
12
12
12
13
12
14
16
14
14
18
12
12
12
12
12
12
12
12
12
12
13
14
13
12
12
12
12
12
12
12
12
12
12
12
12
12
13
13
14
15
12
13
12
12
12
12
12
12
12
12
12
12
12
17
19
16
14
13
12
13
12
12
12
12
12
12
12
23
27
28
19
12
12
12
12
12
12
12
12
12
12
11
14
13
12
12
13
12
12
12
12
12
12
12
12
12
12
12
12
12
15
13
12
12
12
12
12
12
12
12
12
12
12
12
13
15
14
12
12
12
12
12
12
12
12
12
12
12
12
12
13
14
14
12
14
12
12
12
12
12
12
12
12
12
12
12
13
13
13
14
12
12
12
12
12
12
12
12
12
12
12
12
13
15
14
14
17
14
16
13
15
16
16
18
12
12
12
16
12
16
12
12
12
12
17
17
13
16
13
12
12
12
12
12
13
12
12
12
12
12
12
12
12
12
12
12
12
12
12
12
14
12
13
14
12
12
12
12
12
12
12
12
12
12
12
12
12
13
12
13
13
15
14
14
12
12
12
12
12
12
12
12
12
12
14
13
14
14
12
12
12
12
12
12
12
12
12
12
12
12
12
13
12
14
14
16
16
12
12
12
12
12
12
12
12
12
12
13
12
12
15
18
13
14
12
12
12
12
12
12
12
12
13
13
15
14
12
12
12
12
12
13
13
13
14
12
12
12
13
15
14
12
12
12
12
12
11
12
11
10
10
10
11
10
10
12
13
14
16
12
12
12
12
12
12
12
12
12
12
12
12
14
13
13
12
12
12
12
12
12
12
12
12
12
12
12
12
13
12
17
15
12
12
12
12
12
12
12
12
12
12
12
12
13
12
13
13
12
12
12
12
12
12
12
13
12
12
12
13
13
15
13
14
18
18
19
17
14
13
