26
33
33
28
20
22
21
20
21
23
24
20
20
18
19
20
20
20
21
22
22
21
20
20
20
19
19
17
17
21
23
21
20
20
20
20
20
20
20
22
27
27
24
21
26
27
20
23
22
22
20
20
26
31
20
20
29
31
21
22
25
22
23
24
23
24
23
30
23
20
21
20
20
20
24
21
24
22
20
20
19
19
17
18
20
21
20
20
22
20
21
22
20
25
22
27
24
20
20
20
20
20
20
22
22
22
20
20
19
20
18
18
19
27
26
24
21
22
22
20
20
20
22
22
22
20
22
27
24
23
21
22
23
23
24
20
20
20
20
20
20
20
21
22
22
20
20
19
18
18
19
18
20
25
30
20
20
20
21
20
19
19
18
20
29
20
21
20
20
20
19
20
20
20
21
20
20
19
17
16
16
16
18
22
23
21
21
22
31
22
20
19
17
18
19
21
20
22
29
26
30
20
22
24
27
19
19
18
19
19
20
20
22
24
24
20
19
19
18
18
18
19
20
25
21
20
20
20
19
19
20
19
21
21
23
20
20
19
19
20
19
23
23
22
20
19
19
20
19
18
18
19
20
22
20
19
19
20
19
19
19
19
19
20
21
26
20
22
20
47
29
21
27
26
20
33
28
25
27
34
22
25
21
26
23
20
20
26
23
19
20
19
19
19
19
19
20
21
28
26
24
25
23
23
22
20
26
27
25
20
21
20
20
20
19
23
29
21
22
20
22
21
21
21
24
22
23
22
20
20
20
22
22
27
29
30
25
30
29
22
29
23
33
25
23
26
22
20
20
20
21
22
20
20
20
20
20
29
20
20
22
22
21
25
21
19
21
22
20
20
22
21
24
21
22
23
20
20
19
19
21
23
20
20
20
20
20
20
20
20
20
21
29
25
20
34
25
25
31
23
26
30
20
20
20
19
19
18
32
27
20
20
19
19
21
20
19
21
21
21
20
20
19
20
22
20
20
20
24
20
20
19
19
20
19
19
17
19
20
26
20
19
20
20
19
30
21
21
23
20
29
29
20
27
25
27
28
30
25
27
34
26
24
26
24
25
25
30
20
20
21
32
20
32
24
32
32
24
36
34
25
29
32
34
27
34
26
27
20
23
22
24
20
20
20
22
25
29
20
20
