1222
1157
1030
1124
984
1040
1046
1017
1053
1005
1112
1116
1151
1055
1069
1135
1064
1029
1127
967
1022
1068
980
1112
1104
1113
1057
1086
1078
1101
980
1047
1020
1034
1085
964
1112
1085
1040
1091
1116
1065
1097
1005
1063
1079
1013
1011
1033
1030
1080
1109
1120
1049
1104
1138
1245
1206
1184
1166
1152
1142
1258
1265
1253
1200
1198
1274
1196
1147
1121
1025
1058
1016
1104
1050
1148
1082
1077
1080
1122
1022
1033
1031
994
1062
1023
1103
1091
1138
1050
1073
1082
1091
1048
1036
999
1033
982
1040
1118
1053
1049
1114
1080
1103
1084
1001
1019
1000
1082
1069
990
1051
1089
1067
1109
1082
1139
1078
1044
1017
1059
1037
990
1021
1213
1271
1451
1114
1079
1039
1152
1100
978
1030
1041
1001
1029
1085
995
1087
1086
1087
1160
1092
1025
1053
1039
1018
1035
990
997
1084
1070
1148
1072
1045
1036
1063
980
1083
1001
1001
1034
990
1189
1123
1060
1109
1058
1053
1141
1028
1072
1021
983
1090
1029
1064
1106
1064
1008
1110
1089
1091
1033
979
1057
1045
1005
1007
1080
983
1107
1141
1071
1108
1036
1046
1079
987
1055
1028
976
996
1120
1059
1095
1070
1098
1072
1129
1010
1016
976
1055
1016
1028
1073
1056
1085
1049
1116
1059
1079
975
1021
1041
1024
1029
1030
1130
1113
1103
1089
1089
1086
1059
1039
1021
1084
1061
1020
1040
1055
1053
1128
1094
1057
1120
1103
982
1025
1065
983
1048
1035
1001
1123
1062
1112
1069
1060
1093
1136
1001
1072
988
1029
1013
980
1086
1077
1050
1065
1130
1060
1105
1029
1024
1015
972
1035
1136
1068
1092
1071
1120
1086
1099
1121
1034
1045
979
1015
1007
1031
1174
1086
1071
1126
1146
1037
1087
1040
973
1021
1158
1249
1128
1112
1029
1071
1157
1072
1095
1078
1015
1066
1070
976
1040
996
1029
1094
1057
1061
1108
1088
1066
1126
1051
1003
1030
1050
1043
1057
1050
1124
1078
1062
1156
1075
1137
977
1036
1095
984
1047
1027
1082
1158
1309
1234
1241
1262
1153
1158
1183
1192
1153
1172
1265
1266
1230
1246
1125
1168
1001
1024
1031
977
1099
1014
1158
1105
1074
1018
1116
1081
1064
1125
1186
1278
1051
1073
982
1138
1086
1141
1037
1025
1055
1091
1025
1026
1053
1069
988
1028
1083
1096
1046
1031
1099
1107
1101
1296
1090
990
1029
1064
1048
1116
1229
1053
1100
1096
1077
1096
1036
994
1065
989
1040
1054
1064
1108
1081
1043
1086
1113
1092
1037
1082
985
1034
1020
999
1110
1180
1013
1101
1107
1046
1158
1012
1005
1043
981
1027
1099
969
1158
1116
1090
1128
1109
1097
1037
1056
1040
1079
1080
1039
1007
1092
1123
1091
1081
1121
1050
1056
1105
1003
1049
1013
1014
1045
1143
1058
1101
1055
1000
1124
1090
1024
1044
980
1038
1005
999
1075
1049
1049
1140
1134
1061
1110
