1558
1412
1421
1376
1429
1440
1513
1598
1423
1497
1410
1349
1366
1360
1484
1496
1492
1434
1598
1355
1366
1395
1416
1411
1462
1448
1568
1550
1504
1432
1394
1431
1334
1428
1459
1473
1404
1480
1453
1386
1398
1386
1391
1450
1518
1466
1433
1426
1494
1432
1363
1416
1345
1458
1442
1444
1500
1587
1419
1399
1410
1352
1414
1455
1549
1733
1552
1652
1567
1592
1564
1565
1533
1807
1775
1675
1555
1621
1685
1544
1473
1546
1531
1470
1521
1617
1564
1386
1412
1390
1522
1539
1467
1446
1434
1481
1588
1346
1386
1492
1474
1463
1460
1499
1516
1410
1468
1604
1684
1667
1661
1681
1759
1599
1572
1580
1587
1640
1418
1496
1470
1554
1387
1415
1373
1336
1368
1498
1576
1456
1453
1481
1355
1333
1372
1395
1398
1523
1477
1528
1456
1482
1334
1375
1374
1370
1453
1413
1527
1455
1459
1439
1430
1358
1387
1355
1434
1393
1437
1444
1452
1522
1378
1416
1324
1412
1427
1413
1429
1470
1529
1399
1382
1397
1398
1363
1439
1510
1578
1436
1449
1457
1372
1438
1388
1428
1535
1427
1426
1469
1476
1399
1354
1404
1436
1442
1461
1463
1500
1417
1429
1380
1405
1423
1333
1455
1458
1467
1436
1474
1439
1373
1423
1355
1332
1460
1502
1450
1527
1605
1397
1341
1335
1407
1338
1447
1479
1619
1485
1450
1377
1361
1378
1362
1379
1494
1576
1473
1516
1496
1445
1409
1335
1367
1485
1457
1479
1448
1477
1523
1382
1374
1343
1391
1516
1462
1438
1487
1526
1375
1424
1478
1379
1346
1437
1580
1498
1462
1477
1429
1368
1399
1366
1501
1476
1440
1463
1456
1489
1340
1397
1365
1442
1460
1470
1429
1505
1454
1440
1394
1417
1365
1383
1477
1417
1555
1539
1459
1438
1456
1439
1373
1413
1577
1482
1454
1534
1475
1367
1378
1326
1386
1507
1451
1444
1493
1459
1501
1373
1433
1378
1350
1437
1495
1467
1455
1723
1613
1590
1624
1600
1690
1642
1740
1664
1726
1529
1426
1420
1391
1458
1466
1470
1551
1419
1345
1376
1396
1425
1369
1467
1508
1462
1446
1455
1422
1372
1395
1346
1398
1510
1492
1479
1449
1487
1388
1378
1354
1389
1444
1506
1462
1515
1484
1442
1338
1379
1442
1367
1438
1460
1508
1485
1473
1452
1401
1385
1361
1363
1509
1440
1489
1494
1481
1406
1347
1381
1382
1399
1423
1464
1478
1446
1491
1360
1425
1433
1355
1407
1494
1531
1466
1458
1450
1435
1370
1402
1350
1487
1526
1467
1439
1481
1464
1357
1411
1426
1370
1455
1452
1507
1538
1478
1422
1361
1376
1426
1397
1448
1565
1466
1446
1440
1387
1379
1365
1388
1529
1465
1456
1462
1430
1472
1389
1376
1351
1413
1455
1497
1438
1500
1502
1438
1377
1410
1380
1325
1420
1603
1618
1555
1622
1440
1466
1482
1452
1539
1539
1577
1510
1604
1417
1440
1447
1549
1507
1622
1564
1617
1608
1530
1435
1442
1391
1354
1454
1463
1518
1471
1443
