HOLAAA8
7
6
11
5
5
5
5
5
5
5
5
6
6
6
6
6
5
5
5
9
5
5
6
5
5
5
5
5
5
5
5
5
5
7
6
6
6
5
6
5
5
5
6
6
5
6
5
5
5
7
5
5
6
6
5
6
5
5
5
5
7
5
5
6
5
6
5
5
6
5
5
5
5
5
5
5
5
5
5
5
6
5
5
6
5
5
5
5
5
5
5
5
5
5
6
5
6
6
5
5
5
5
5
5
5
5
5
5
5
5
5
5
5
5
5
5
7
5
5
5
5
5
5
5
5
5
5
5
5
5
5
5
5
5
5
5
6
5
5
6
5
5
5
5
5
5
5
5
5
5
5
5
5
5
5
5
5
5
5
5
5
5
5
5
5
5
5
5
5
5
5
5
5
5
5
5
5
5
5
5
6
5
5
5
5
6
6
5
5
5
5
5
5
5
5
5
5
5
5
5
5
5
5
5
5
5
5
5
5
5
5
6
5
5
6
6
5
5
5
5
6
5
5
6
5
7
10
6
6
6
5
6
6
6
5
6
6
8
5
5
6
5
5
5
5
5
5
5
6
6
5
5
6
5
5
6
5
5
5
6
5
5
5
5
5
6
5
6
5
5
5
5
5
6
5
5
5
5
5
5
5
5
5
5
5
5
5
5
5
6
5
5
5
5
6
5
5
5
5
5
5
5
5
6
5
5
5
6
5
5
5
5
5
5
6
5
5
5
5
5
6
6
5
5
5
5
6
5
5
5
5
5
6
5
5
5
5
6