355
236
270
251
346
280
245
249
245
269
270
240
242
231
233
229
248
261
238
239
241
231
247
253
239
234
236
230
256
266
242
236
239
238
271
313
249
230
230
229
280
287
263
255
238
305
243
250
253
233
302
239
236
232
258
323
236
253
249
228
335
244
238
237
233
229
250
266
238
235
246
236
236
282
229
235
237
236
235
292
232
232
265
254
232
258
248
234
239
229
246
326
250
234
235
232
306
271
262
229
245
318
236
274
244
264
336
244
238
263
295
264
236
232
236
269
286
253
238
232
228
230
255
261
246
242
230
231
229
251
283
255
232
235
238
266
249
237
254
242
246
231
243
256
233
235
281
265
258
265
242
297
245
242
292
303
321
243
244
246
265
310
251
237
235
237
310
278
231
237
245
288
280
252
229
231
230
273
266
250
227
231
242
232
248
254
248
229
241
238
235
244
250
239
231
231
232
240
244
258
241
245
320
251
239
249
269
285
231
233
241
262
314
249
239
238
246
277
259
262
233
252
277
233
269
266
301
274
256
239
242
260
273
263
281
284
278
306
285
276
283
346
393
286
274
288
276
295
312
289
300
286
239
276
285
234
241
229
273
285
263
230
231
258
275
291
239
229
289
258
266
279
244
295
239
233
242
254
309
241
242
232
238
264
256
242
241
231
230
243
265
236
237
238
235
280
267
240
235
232
228
231
256
254
242
234
242
232
233
312
268
234
230
227
281
257
242
252
231
311
260
273
261
237
288
238
231
228
264
312
243
229
249
235
316
272
236
238
231
235
263
286
266
271
243
229
227
228
265
236
238
229
228
226
248
261
237
235
230
230
228
256
254
229
232
306
244
232
285
259
301
243
233
236
267
297
247
240
241
229
328
258
237
231
230
297
248
277
233
291
312
268
274
262
229
230
231
230
281
271
231
231
235
229
268
264
242
235
234
230
231
260
256
234
231
231
237
293
263
230
280
260
233
259
251
299
251
231
234
245
302
262
235
231
233
303
290
238
236
242
324
244
263
264
237
288
243
248
251
257
239
252
237
243
234
260
259
236
236
237
235
245
255
261
271
254
230
230
244
251
233
255
240
233
230
259
322
244
231
230
228
294
280
241
233
238
298
250
303
306
297
330
308
352
329
309
262
242
248
325
