378
366
353
408
376
335
337
387
373
338
342
419
351
330
370
365
378
339
405
326
350
402
348
345
336
364
342
337
355
382
361
330
337
367
363
341
318
332
349
350
340
317
339
426
350
327
368
435
340
325
395
368
357
326
392
331
377
392
344
326
353
412
345
382
326
358
349
328
326
345
360
335
327
339
361
340
328
322
334
355
356
382
339
413
361
325
366
356
364
348
394
379
388
398
340
330
340
438
347
326
387
368
353
327
333
314
383
339
314
336
331
367
335
318
348
400
392
316
336
339
347
366
399
347
320
384
407
328
336
393
379
372
368
461
418
465
454
424
335
409
343
364
358
334
336
353
366
364
339
365
364
330
332
318
353
361
317
332
319
368
390
361
327
340
417
369
335
363
374
355
332
395
325
366
365
364
327
345
423
334
336
317
403
341
331
319
349
386
324
332
332
350
364
339
317
340
343
348
338
352
408
367
327
327
441
365
321
377
366
371
328
402
333
374
410
341
376
348
417
333
335
331
362
371
332
331
327
351
352
320
332
342
374
361
357
325
341
355
319
337
397
360
337
381
345
338
375
403
346
386
414
384
331
320
409
355
333
391
356
378
336
354
323
347
359
327
332
331
385
349
320
343
318
368
338
324
331
324
361
380
358
329
335
435
378
349
415
364
342
335
411
356
351
401
345
331
373
416
351
328
383
336
368
339
320
370
342
325
338
340
370
331
332
318
352
363
316
333
341
418
368
346
436
373
353
337
389
351
370
398
341
338
346
397
340
334
392
379
336
332
327
350
342
344
332
323
368
342
328
326
325
400
353
331
368
346
353
339
379
349
350
358
398
325
336
415
353
333
334
408
347
371
386
350
385
349
399
336
365
366
334
374
392
425
377
383
375
415
406
372
375
415
411
457
446
552
433
481
556
448
483
499
394
388
444
424
397
456
379
412
449
407
393
391
377
404
395
394
388
384
390
352
326
331
336
340
356
331
323
334
430
325
345
402
392
328
333
407
395
345
378
354
342
370
421
358
333
422
361
367
337
320
386
333
317
339
341
356
328
330
339
339
358
348
319
328
359
360
336
372
372
362
337
402
326
388
406
356
329
354
420
342
334
421
385
332
336
402
391
337
335
326
363
371
326
352
344
358
354
339
