17
18
16
13
13
14
13
13
16
18
17
13
14
13
14
12
12
12
12
12
12
13
12
12
13
12
12
12
14
15
12
12
12
12
12
12
12
13
15
14
12
12
12
12
12
12
12
18
12
12
14
13
15
15
27
14
15
21
16
15
22
14
12
13
16
13
14
13
14
12
12
12
13
14
12
12
12
12
12
12
14
15
13
12
12
12
12
12
12
12
12
12
13
12
13
14
17
19
19
17
15
12
12
12
15
12
12
12
12
12
13
12
16
13
14
15
14
14
14
12
12
12
13
12
13
14
16
19
18
16
17
15
17
12
14
12
16
12
18
19
18
17
18
16
25
19
20
19
17
22
19
17
15
16
14
12
12
12
12
12
12
12
12
14
14
15
15
13
13
14
16
12
13
13
13
13
12
12
13
13
15
14
15
14
16
16
12
14
15
13
12
12
15
17
15
18
12
12
14
15
14
13
19
15
12
12
12
17
15
14
13
17
15
14
13
13
13
14
18
14
17
15
15
17
15
16
21
19
20
21
19
20
20
20
30
21
19
19
20
14
21
20
13
13
20
17
21
16
18
16
19
16
17
15
14
19
18
16
19
15
17
13
12
13
17
16
18
19
20
19
20
19
18
17
17
19
14
15
16
20
18
18
15
13
13
12
16
12
12
14
14
14
15
15
17
15
15
23
12
12
13
12
12
13
12
12
13
15
16
13
18
16
12
14
15
13
15
14
12
12
12
18
13
13
13
12
13
15
19
12
11
11
11
11
11
11
12
13
17
13
14
12
13
12
12
12
13
12
12
12
11
11
12
14
14
12
12
12
12
12
12
12
12
12
12
12
12
12
15
15
14
12
12
12
12
13
12
12
13
12
12
12
12
14
13
15
14
12
12
12
12
12
12
12
12
12
12
12
12
15
16
15
18
16
18
14
12
18
13
14
17
14
22
19
17
17
14
17
13
12
12
12
12
12
12
12
13
15
16
16
12
12
12
12
12
11
11
12
12
12
12
12
14
15
16
17
18
16
12
14
14
13
12
12
12
11
11
13
12
15
12
12
12
12
12
12
13
13
13
13
12
12
12
13
14
13
12
12
12
12
11
11
12
17
12
12
12
12
14
15
18
20
15
14
12
13
13
12
12
14
