400
389
428
397
318
387
377
328
344
386
354
335
321
397
363
324
400
349
361
330
331
311
372
333
338
360
372
341
339
319
377
360
315
353
353
340
365
327
408
333
382
335
392
321
341
406
342
339
319
438
355
363
406
382
343
348
412
380
374
324
325
319
357
373
323
331
340
357
363
320
327
320
366
333
314
329
315
375
392
321
348
397
353
320
328
434
364
328
352
387
364
333
387
330
388
348
368
333
338
348
335
315
342
371
330
332
311
347
408
402
326
332
358
355
342
331
329
340
407
329
365
397
399
321
336
395
377
321
396
353
343
351
407
339
354
416
380
394
355
339
327
322
355
396
395
390
376
394
391
402
403
404
380
390
408
422
387
416
464
400
372
404
441
389
398
491
393
365
466
386
396
432
387
382
406
384
406
399
425
390
398
384
380
398
380
402
362
315
335
380
377
362
350
331
411
340
329
318
391
349
387
388
329
344
344
392
350
329
403
370
337
316
337
357
335
322
325
398
342
320
356
320
352
344
321
343
313
375
382
330
354
407
373
374
499
467
431
439
404
388
402
327
319
363
418
351
327
405
417
352
355
319
348
352
329
370
333
348
357
332
319
338
375
347
343
321
336
387
391
358
323
356
426
311
332
366
405
331
329
385
359
323
318
391
384
369
393
337
343
356
355
319
327
354
343
343
317
355
348
347
338
313
387
365
341
334
320
346
412
345
319
340
415
314
339
347
414
357
362
437
380
370
447
329
396
365
354
344
339
363
334
332
341
362
370
328
384
332
326
360
329
315
332
355
341
335
345
341
440
337
326
389
356
380
345
384
366
408
396
332
343
371
405
323
319
386
378
349
332
317
363
360
333
325
345
319
374
330
314
329
312
376
327
327
320
355
365
351
406
333
361
397
320
327
379
381
333
333
387
345
332
320
430
360
333
390
411
348
330
328
324
372
329
333
338
311
397
343
323
326
349
349
340
349
318
363
344
370
352
320
370
414
329
316
342
392
328
336
380
361
383
350
398
317
392
413
337
327
354
358
326
324
336
360
314
334
325
391
365
329
320
334
343
331
323
334
321
376
372
327
322
409
376
333
347
415
364
320
393
330
377
372
363
328
331
427
345
341
317
370
339
327
409
371
335
328
326
347
358
309
