467
466
496
413
407
478
410
428
507
432
402
468
443
428
478
400
424
502
407
422
520
478
427
406
445
392
399
416
439
389
405
433
428
395
399
432
437
402
492
451
427
442
425
474
431
403
467
413
398
470
471
397
476
436
429
390
391
441
428
395
396
459
399
423
478
419
389
391
415
415
451
431
445
477
411
408
514
413
443
477
445
401
466
447
415
486
414
430
417
396
395
403
462
397
419
438
406
397
393
434
392
393
396
504
400
410
511
437
396
477
443
393
476
386
438
475
463
479
453
404
473
421
397
404
424
419
396
412
439
419
405
404
484
445
444
485
445
405
482
431
429
484
416
457
515
471
449
463
435
458
473
417
395
424
434
400
396
403
443
394
443
426
452
406
402
418
425
412
440
441
435
444
396
497
435
397
473
472
403
467
465
412
507
428
453
398
394
414
450
395
441
419
429
413
395
424
442
393
392
411
481
399
414
506
435
431
518
413
402
465
445
417
454
398
480
457
413
425
439
442
402
437
414
396
397
445
414
403
420
439
406
388
474
485
462
561
397
408
471
447
400
461
414
422
468
395
408
513
425
403
451
407
396
398
423
410
393
397
438
411
386
449
444
390
401
498
416
393
461
440
424
502
433
417
457
420
465
456
400
394
499
421
397
440
409
397
393
428
424
396
447
417
441
415
404
447
405
404
475
451
473
464
449
483
452
408
510
409
406
483
444
410
572
815
742
662
550
423
383
333
315
394
399
381
358
496
560
698
622
586
556
530
607
499
576
512
535
605
579
623
542
510
457
478
464
467
468
604
504
506
496
513
459
533
493
427
548
478
432
459
433
429
452
397
431
490
402
402
493
421
396
461
410
410
403
431
410
402
402
479
429
397
472
410
399
399
502
400
404
485
420
450
457
484
454
412
452
480
399
436
550
407
410
449
514
430
467
554
441
400
476
393
392
409
484
398
393
479
420
392
502
452
399
470
442
461
533
491
606
522
481
584
483
468
493
481
461
484
474
467
464
493
479
460
476
525
553
489
499
523
474
558
506
486
586
500
532
535
467
552
529
464
473
444
454
406
405
410
476
418
440
473
410
414
405
480
453
428
459
475
398
465
486
406
498
401
463
470
399
400
506
412
401
430
438
397
407
415
446
400
