296
284
288
264
264
275
360
259
268
286
230
241
254
223
224
228
227
223
273
244
222
221
226
241
299
247
228
226
225
222
224
236
237
227
239
228
231
238
318
231
241
222
223
296
291
277
262
293
272
228
245
263
273
260
226
221
233
253
282
224
227
233
234
315
234
230
234
232
227
233
236
234
255
255
226
221
238
251
229
223
221
226
220
231
249
255
228
224
224
221
286
258
226
221
223
281
247
235
282
230
282
238
224
241
252
276
247
236
227
224
281
284
225
223
225
245
295
261
235
223
245
285
270
257
223
223
276
234
231
266
230
225
227
237
226
254
252
226
230
222
219
222
257
250
224
224
221
222
269
273
225
226
230
265
237
254
227
237
286
224
234
263
259
297
238
227
232
237
307
224
223
228
223
321
259
248
232
235
268
250
255
239
224
241
222
222
233
248
239
221
222
222
219
266
253
224
221
223
242
274
261
226
223
226
224
227
245
245
231
225
264
275
244
242
275
264
259
225
238
237
285
255
236
259
249
248
304
224
225
221
238
273
270
260
227
228
273
230
245
289
249
230
229
222
229
222
229
249
254
236
221
220
241
238
223
227
232
227
222
263
231
224
221
223
222
254
251
225
274
234
220
237
250
293
277
223
238
227
300
264
227
225
224
235
325
244
232
238
236
291
268
269
229
226
297
240
262
269
254
228
222
221
254
261
225
223
226
225
252
252
224
231
225
227
221
233
253
224
221
229
227
225
234
232
268
254
291
224
244
281
311
270
224
226
241
291
268
272
245
226
276
284
232
236
223
228
282
257
249
224
227
291
233
247
248
225
229
228
224
235
238
250
226
227
235
226
251
245
227
231
239
232
221
256
260
225
224
227
223
250
246
226
225
285
232
240
243
226
285
245
220
231
259
285
245
233
227
224
277
304
225
222
226
263
298
244
224
226
236
292
238
258
225
223
223
223
220
247
247
230
230
227
229
234
281
237
223
229
222
228
234
235
258
226
221
226
223
229
253
257
222
277
235
224
257
232
306
252
233
260
242
311
240
238
222
220
261
278
247
223
220
295
273
253
245
225
265
279
234
241
240
223
227
249
250
250
239
218
222
221
228
226
233
252
229
245
263
229
251
251
227
222
227
220
226
234
238
226
234
286
