28
30
30
28
28
23
22
21
20
24
25
26
20
26
24
21
22
21
21
21
24
21
22
23
20
20
20
20
23
22
20
20
20
20
19
19
19
20
22
23
20
19
20
21
21
22
23
22
21
22
21
23
25
33
27
20
29
36
42
25
30
21
24
29
24
19
20
19
17
16
16
19
20
21
28
25
24
26
19
20
19
19
21
20
21
21
18
17
18
16
16
18
22
25
25
20
20
20
20
20
20
20
21
22
22
20
19
20
20
20
20
26
24
28
26
27
25
21
24
21
22
21
21
19
20
19
19
21
21
20
20
23
25
20
23
20
19
21
19
20
20
22
23
29
28
21
26
27
22
26
22
29
20
20
20
20
20
21
21
20
21
22
22
22
19
20
19
20
25
31
32
22
28
22
22
22
20
21
21
20
20
20
20
20
20
20
20
24
22
19
20
20
20
20
21
20
20
22
23
22
20
20
19
19
18
17
17
22
26
25
26
20
19
20
20
20
20
20
20
24
23
21
25
21
22
22
23
26
24
27
21
28
24
32
28
24
24
19
19
18
20
20
20
25
22
20
19
20
20
20
20
19
19
21
23
20
20
21
20
20
20
20
22
23
23
19
19
19
17
19
20
20
24
24
21
21
20
19
19
17
17
16
21
23
32
29
29
26
30
22
34
28
28
31
32
23
19
20
23
24
20
23
22
23
19
19
19
17
20
23
24
22
23
20
19
19
17
17
29
26
20
19
19
19
18
17
17
18
22
21
21
23
20
20
20
19
19
18
26
22
22
20
20
20
20
19
18
22
21
20
19
22
20
19
20
19
17
22
25
21
25
20
22
29
19
19
20
20
19
20
28
25
20
20
20
20
20
22
21
20
21
21
20
20
19
20
20
22
20
20
20
20
20
19
19
18
21
21
23
20
19
20
21
20
20
20
20
23
23
21
20
19
19
19
17
17
18
20
22
23
20
24
25
21
21
22
20
20
21
21
23
26
20
24
26
26
23
25
22
20
20
24
26
25
20
21
26
24
20
19
19
18
17
19
20
20
25
24
21
20
20
19
20
19
19
19
20
21
21
22
20
20
19
20
20
20
23
21
19
19
19
17
17
16
16
18
22
22
21
20
21
20
20
19
19
20
20
24
20
19
