24
23
27
25
31
34
21
21
21
22
20
20
19
20
26
21
21
26
23
21
21
21
21
23
26
20
20
21
19
18
18
21
21
23
26
21
21
21
21
21
20
19
18
20
27
27
25
22
22
21
21
21
22
24
28
26
24
24
22
23
23
26
25
25
26
21
21
21
21
20
23
23
22
20
20
18
18
19
21
21
24
29
30
28
24
21
20
20
20
26
24
23
24
22
22
24
23
22
24
26
27
22
21
22
23
23
23
24
23
23
21
21
21
21
21
21
21
26
23
21
21
21
21
21
21
23
34
44
28
30
28
28
27
36
24
26
21
22
22
22
24
30
28
21
23
21
24
21
21
24
20
20
21
24
24
25
20
20
21
22
23
22
22
19
21
25
21
22
24
24
28
21
20
20
18
20
22
23
26
24
28
32
39
27
29
38
31
27
31
23
23
23
23
24
23
23
22
21
22
22
22
22
24
24
23
34
32
21
25
23
26
24
21
25
23
22
24
20
18
21
24
21
21
21
21
21
21
21
21
21
21
23
21
23
25
25
24
28
30
36
26
25
21
21
19
18
22
24
26
24
21
21
22
21
22
23
24
21
21
21
21
21
21
22
22
25
26
24
22
21
21
22
21
26
35
34
26
23
24
21
22
25
26
21
23
34
23
23
24
26
26
25
28
23
21
22
23
23
22
21
22
19
18
21
22
21
22
28
25
22
22
21
21
23
22
23
23
24
22
22
22
21
21
20
19
20
23
22
21
21
21
21
21
20
21
22
22
24
20
20
20
21
21
21
29
33
37
27
29
26
24
32
28
27
23
21
21
21
21
21
20
21
22
23
23
21
21
20
20
21
20
23
29
30
22
21
20
20
20
21
22
26
22
21
21
21
20
18
18
19
24
27
26
21
21
20
20
21
26
26
27
30
25
29
21
28
22
31
33
25
23
23
23
22
21
23
25
23
21
23
21
21
21
21
23
24
22
27
21
22
22
21
20
23
21
24
27
23
25
24
22
21
29
27
24
21
22
27
21
21
23
23
23
22
21
21
21
23
22
24
23
25
21
21
24
30
21
20
22
27
26
23
24
31
26
21
21
25
22
23
20
21
21
20
21
22
25
23
21
21
21
21
21
21
21
23
22
22
21
21
