649
756
610
747
591
658
622
716
696
749
684
692
696
689
680
727
693
683
667
704
743
740
718
734
707
750
705
722
740
744
690
587
579
622
573
569
624
580
621
625
639
677
626
677
625
698
649
623
682
618
692
628
585
612
571
607
592
587
638
638
581
613
577
684
576
638
625
694
650
693
663
640
651
639
662
575
629
634
607
613
574
619
567
616
608
606
700
666
663
636
616
666
611
595
684
599
659
618
570
623
606
573
629
595
608
615
596
666
634
603
657
577
688
588
647
622
674
592
663
578
634
581
642
726
709
715
721
749
586
731
584
644
635
650
611
750
582
683
581
643
623
576
597
593
601
642
582
591
622
574
595
600
667
630
714
642
651
586
718
585
644
630
642
611
641
582
622
585
569
610
582
579
619
570
638
617
596
675
614
669
640
610
653
610
685
621
618
625
588
630
588
573
630
596
661
581
584
676
591
688
592
647
624
651
648
673
597
658
583
640
578
594
605
598
648
569
631
609
582
640
631
603
682
652
631
654
615
656
615
614
660
637
611
639
572
618
571
575
642
580
591
624
653
659
647
634
674
585
703
578
732
605
680
650
579
608
597
585
629
586
578
613
607
600
670
604
657
704
651
643
663
600
705
586
730
589
589
640
572
627
593
598
643
583
622
598
572
688
577
652
614
685
625
647
590
682
593
663
612
587
617
646
585
649
592
606
619
608
625
659
593
704
625
680
606
692
624
651
633
661
651
623
585
649
592
606
603
632
638
578
651
644
626
660
584
652
614
638
649
645
654
681
585
635
583
580
809
712
696
624
613
598
581
666
575
649
612
633
643
676
598
696
587
669
615
588
628
630
633
603
581
647
577
617
604
602
703
618
684
621
661
674
622
639
657
636
672
582
661
608
609
630
576
630
615
588
633
586
705
598
648
639
650
672
698
586
682
640
676
599
583
646
577
583
622
588
629
634
567
642
654
597
745
577
678
592
661
634
650
629
651
637
567
593
594
585
627
616
580
617
582
658
593
644
621
646
642
643
641
650
688
811
659
635
604
580
654
568
596
605
582
607
599
579
602
654
637
664
583
704
587
677
617
653
629
690
581
664
578
602
621
582
620
601
582
638
593
640
597
624
645
624
607
668
601
697
595
601
659
584
