899
821
782
793
808
756
848
924
906
945
1016
1010
914
1041
965
921
906
897
905
877
905
895
983
918
935
899
768
842
849
788
836
851
760
796
754
758
778
746
798
859
762
874
868
784
832
795
855
860
776
734
796
750
778
766
799
738
800
823
851
751
870
840
817
817
823
813
799
736
780
788
782
754
790
736
821
764
887
831
797
850
796
814
837
778
816
813
762
769
745
780
747
794
862
891
755
898
785
834
836
901
797
780
752
801
731
789
731
812
739
863
736
908
785
797
869
829
787
844
760
775
762
783
804
772
728
789
734
858
798
815
865
788
798
888
749
855
755
817
753
803
745
784
750
784
786
838
864
859
779
851
759
856
827
819
744
786
757
761
769
754
833
768
854
775
851
826
848
803
872
756
843
725
785
749
784
830
801
772
755
830
781
878
807
886
831
788
819
906
879
884
803
790
738
790
731
807
774
849
857
801
836
862
736
848
824
822
772
778
765
791
758
786
726
898
964
934
902
839
873
754
919
829
827
732
796
750
767
767
820
783
729
871
774
846
875
847
829
843
829
840
795
738
813
797
799
748
773
771
829
805
861
871
801
819
858
776
865
749
816
731
800
743
788
750
759
768
916
820
794
833
846
769
849
833
840
743
790
732
789
795
804
779
788
822
786
829
886
742
871
813
820
817
793
738
787
751
852
776
806
741
811
823
867
743
868
903
939
920
862
812
746
842
745
771
775
762
768
752
862
834
785
870
844
828
849
811
838
794
758
790
729
799
768
777
788
838
756
881
809
797
829
898
759
868
743
810
736
785
766
833
906
808
792
812
840
769
894
841
748
892
821
826
745
792
794
781
746
796
738
805
802
835
799
881
761
889
855
797
843
807
733
811
730
824
766
787
738
916
820
858
798
843
846
825
845
862
817
928
861
892
907
891
904
917
968
959
984
958
916
1000
968
887
895
884
931
763
760
788
756
855
750
855
863
777
837
797
806
848
745
834
806
817
774
771
789
765
779
871
893
857
866
811
815
846
896
746
808
739
769
776
734
824
807
798
890
894
759
859
802
836
818
869
784
781
760
814
729
834
741
821
732
855
754
890
823
829
824
857
788
867
752
788
783
796
744
780
739
767
757
838
867
768
841
804
800
831
818
865
772
743
