20
23
24
21
17
18
19
12
13
14
15
15
15
13
16
14
12
12
12
13
12
12
12
12
12
14
12
15
15
13
12
12
12
12
12
12
12
12
12
12
11
12
12
17
13
13
17
17
12
12
12
12
12
12
12
12
13
13
14
15
12
12
12
12
16
12
12
13
12
14
13
13
16
14
14
16
12
13
12
13
12
13
13
16
16
20
17
17
16
21
13
13
19
17
17
21
14
17
17
18
18
17
16
12
14
17
13
12
12
12
14
18
17
13
12
13
12
12
12
12
12
12
12
12
12
12
12
13
13
17
13
12
12
12
12
12
12
12
12
12
12
12
12
13
12
16
14
12
12
12
12
12
12
12
12
12
12
12
12
13
13
15
16
20
16
12
12
18
13
12
12
12
12
15
14
12
18
12
14
14
19
21
18
14
13
19
17
14
13
12
14
17
14
13
12
12
12
13
13
13
12
12
14
14
13
12
13
12
12
12
12
12
12
12
11
10
11
11
12
13
13
13
16
12
12
19
15
12
12
12
12
12
17
14
13
14
14
13
12
13
12
12
12
13
12
12
12
11
11
11
12
13
12
13
12
12
12
12
12
12
13
13
13
12
12
12
15
14
13
13
18
13
13
18
17
15
15
15
13
20
19
17
25
19
16
13
17
12
12
12
12
12
18
18
13
12
14
13
12
12
12
12
12
16
15
15
17
12
14
19
12
12
16
16
12
15
12
12
12
12
12
14
12
14
15
12
13
12
12
12
12
12
12
12
12
12
12
13
13
13
15
15
12
12
12
12
12
12
12
12
12
11
11
11
15
13
15
13
12
12
13
14
17
12
12
14
14
14
21
19
19
17
18
14
16
13
13
13
13
12
12
13
13
13
13
12
12
12
12
11
12
11
11
13
12
12
12
12
14
16
18
17
17
12
13
12
13
17
12
12
12
13
14
15
17
15
16
15
15
12
13
12
12
12
12
12
13
14
16
25
14
13
13
12
12
12
12
12
12
12
13
13
15
17
13
12
12
12
12
12
12
12
12
13
13
13
14
13
14
13
12
12
12
12
12
11
11
11
11
12
12
12
13
13
14
13
14
12
12
12
13
12
12
12
12
12
12
11
11
11
12
11
13
15
13
13
12
12
12
13
