704
670
650
617
596
662
586
604
688
580
713
590
660
625
704
629
681
607
732
592
638
594
599
641
633
615
622
584
618
603
656
632
708
605
703
587
676
596
704
611
694
660
623
598
616
588
652
593
589
639
586
583
704
594
686
598
663
630
685
676
662
666
655
599
627
587
600
622
575
605
604
628
613
593
607
672
598
638
632
638
639
663
617
715
613
645
610
587
642
599
625
632
585
586
636
581
596
676
584
695
603
687
638
640
650
662
622
687
584
648
623
582
639
593
616
609
589
625
604
655
652
649
648
647
609
665
582
675
589
688
626
573
621
596
634
634
636
610
622
602
639
602
643
637
620
657
627
637
650
603
681
607
679
613
662
642
583
650
650
592
624
594
589
647
662
628
693
625
685
613
672
631
631
655
631
630
647
575
617
588
588
641
588
617
586
644
725
585
677
608
657
659
641
602
668
610
713
593
614
612
587
610
612
585
634
618
605
634
659
623
675
584
684
586
649
670
648
616
652
595
627
588
643
719
600
658
587
590
635
582
674
723
667
642
657
637
720
617
670
593
680
605
632
622
587
611
612
596
629
638
604
733
980
946
940
761
720
927
926
879
782
710
776
733
788
759
732
815
799
845
758
870
797
818
823
838
745
761
730
702
706
682
710
697
747
692
688
737
728
740
753
749
638
682
594
666
630
647
645
589
641
618
591
634
581
591
630
589
638
624
685
677
601
685
629
769
773
884
758
813
624
585
622
589
611
614
580
680
581
577
633
642
623
733
615
685
654
706
657
646
641
595
623
603
577
631
631
589
631
589
611
613
587
696
610
699
660
680
650
642
644
687
589
700
585
650
606
580
649
584
580
644
591
611
620
684
646
653
601
715
578
688
579
657
658
663
614
611
587
688
574
592
643
583
656
605
589
682
613
819
683
773
911
771
704
590
678
601
607
679
577
652
592
594
617
585
600
604
659
647
662
667
657
600
697
594
682
635
653
658
611
612
635
585
601
606
573
622
585
606
704
635
695
604
649
654
633
667
631
632
710
612
649
585
619
607
589
656
592
618
628
586
633
668
590
676
591
685
613
680
649
643
614
667
593
632
612
641
633
667
606
615
603
614
613
662
636
648
641
682
592
728
594
661
614
665
639
589
633
641
