237
195
213
223
243
278
230
191
196
194
214
256
219
207
190
198
206
233
198
202
210
199
206
240
193
193
198
260
241
226
200
191
190
193
217
260
199
197
195
195
208
191
200
213
205
198
189
189
186
193
192
213
220
199
189
189
196
189
218
230
196
195
190
187
187
191
186
211
217
187
185
192
219
241
185
224
193
202
217
235
197
186
216
214
209
239
189
193
226
206
249
260
192
188
189
194
199
281
215
200
195
189
200
244
197
229
209
194
192
192
189
193
191
202
197
224
189
215
206
190
210
198
222
185
185
195
192
189
197
215
204
186
189
181
189
188
204
221
190
195
201
242
195
203
212
195
190
259
215
187
190
200
210
241
197
196
187
194
195
228
232
189
194
197
198
224
239
212
193
190
192
199
236
223
241
197
192
213
208
193
194
225
211
195
188
198
190
189
189
200
208
230
186
187
188
197
190
190
228
214
195
190
189
188
185
208
203
217
227
242
221
187
188
191
193
239
244
190
184
188
183
198
257
227
221
194
182
199
248
189
192
228
207
200
243
192
218
228
186
235
249
185
199
187
185
192
190
207
206
192
190
188
186
185
180
204
210
195
189
189
192
192
202
228
206
194
184
225
228
201
207
219
181
189
192
191
193
204
239
205
191
197
190
188
213
257
203
196
189
192
201
233
218
212
198
197
206
260
198
190
203
209
214
241
199
195
190
191
195
252
211
205
190
189
188
189
190
216
208
193
254
286
236
232
281
252
243
240
236
226
231
241
270
228
222
225
224
219
231
218
215
212
212
276
234
244
249
215
240
223
215
219
215
207
252
213
209
200
191
196
250
246
204
190
203
219
239
200
213
227
200
200
241
198
197
197
212
213
197
194
213
213
194
188
206
216
205
192
190
184
196
184
187
207
214
194
191
191
190
189
193
225
211
189
188
190
225
220
261
246
240
196
189
190
203
215
245
202
193
197
189
199
241
195
217
220
189
212
244
199
193
196
207
213
242
209
190
188
189
194
278
218
201
194
197
194
195
209
213
194
186
203
193
191
200
218
206
191
188
190
193
187
240
206
219
197
191
192
202
190
228
219
188
184
185
191
194
196
263
210
193
192
191
193
235
203
207
208
194
190
232
207
198
213
238
197
231
205
188
210
