484
505
517
418
402
440
462
417
411
501
412
416
488
438
437
483
481
411
478
428
524
446
421
478
434
411
466
432
429
405
456
427
414
407
444
413
404
404
518
406
402
488
455
419
479
455
417
465
408
475
451
413
439
476
404
429
452
447
403
415
446
413
416
432
463
405
401
412
462
424
495
439
421
479
400
431
488
411
410
543
407
405
498
466
444
430
436
408
401
425
424
449
473
469
401
415
406
454
424
408
418
453
479
422
447
499
400
453
498
411
403
521
409
431
498
431
464
425
447
420
400
401
461
420
408
464
447
405
400
402
464
408
401
407
491
468
485
509
429
459
471
464
443
455
407
481
425
411
489
419
403
429
445
427
407
428
426
413
406
456
435
413
412
428
434
403
479
493
397
481
407
446
468
414
420
494
408
405
510
427
480
474
422
402
403
454
397
408
398
442
399
408
405
474
403
439
430
438
454
441
443
534
400
437
500
421
403
524
403
458
506
421
417
456
448
411
400
401
467
404
396
400
443
469
396
408
434
404
418
488
457
445
427
478
409
413
513
454
402
485
446
403
498
426
427
472
412
470
400
401
422
473
396
401
406
441
401
397
402
460
401
397
430
473
395
463
524
425
426
472
424
467
417
421
491
420
410
496
424
459
390
468
408
417
407
450
406
411
407
445
408
412
433
460
410
469
436
400
453
432
439
464
412
426
486
401
397
526
410
428
456
456
402
408
402
450
411
393
431
433
404
433
453
411
403
430
418
454
452
426
480
448
399
494
421
454
478
440
420
498
428
414
469
435
438
405
403
416
444
456
404
448
405
407
427
439
406
403
446
444
490
416
485
478
412
493
487
486
562
583
696
632
691
569
580
518
505
525
518
538
590
542
530
562
548
555
647
548
626
574
610
607
581
592
555
550
538
584
502
534
521
495
546
504
477
494
492
495
482
552
482
530
568
541
582
568
552
478
493
588
497
601
511
518
549
440
417
416
463
394
403
405
462
402
406
445
431
403
402
440
429
476
400
436
497
412
461
480
409
426
496
424
476
417
473
477
419
436
438
438
436
466
426
409
398
412
429
404
405
414
429
416
401
495
454
411
473
477
403
487
428
484
466
420
489
422
409
526
505
458
437
484
401
399
400
470
404
412
412
452
