11
14
13
18
13
13
14
14
12
12
11
12
16
12
11
11
11
12
12
17
12
11
11
12
11
12
11
11
11
12
11
12
11
11
11
13
14
12
15
12
11
11
11
11
10
10
10
10
10
11
12
11
13
12
15
15
19
13
14
13
13
14
13
11
11
11
11
11
10
11
12
11
12
13
12
15
15
12
11
13
11
12
11
11
12
12
13
13
11
11
11
11
11
10
10
10
11
12
13
13
11
13
12
14
12
13
12
12
12
11
11
11
11
11
11
11
10
10
10
11
12
14
12
11
11
11
11
11
11
11
11
11
12
13
13
14
14
12
11
11
11
11
10
10
10
10
11
12
11
11
11
11
11
13
13
13
12
12
11
11
11
11
11
11
11
11
10
10
10
10
10
14
14
13
11
11
12
13
12
11
11
11
11
12
11
12
11
13
12
17
19
18
16
64
12
12
11
12
16
16
15
12
12
13
16
19
11
11
11
11
11
11
12
13
11
14
14
14
11
13
16
12
12
11
11
12
11
11
11
12
12
11
12
12
11
11
11
11
12
11
11
11
11
12
12
11
11
11
13
12
13
15
12
11
11
11
