238
193
234
228
195
201
237
241
200
208
210
217
200
248
223
196
203
236
239
240
201
194
194
193
219
249
195
194
197
193
201
249
208
204
210
195
191
243
204
203
204
215
210
192
194
216
206
196
190
240
222
215
194
196
188
229
219
214
219
188
194
193
201
195
194
207
216
206
195
194
193
197
197
205
261
231
197
200
198
193
246
220
217
201
196
196
288
240
231
304
228
302
233
273
237
288
313
240
202
195
198
239
277
206
191
194
196
193
194
214
211
208
197
192
196
192
192
192
217
219
193
204
187
187
193
215
204
192
194
195
200
224
215
224
202
193
192
195
200
258
211
219
202
191
200
252
200
193
219
205
212
251
200
200
201
197
205
251
204
208
217
201
210
260
235
193
191
189
206
254
189
230
214
188
193
192
195
195
208
221
209
197
199
194
192
194
206
227
191
219
208
190
209
218
224
191
190
190
195
197
192
227
215
199
186
193
244
214
192
214
217
190
235
215
192
190
193
224
268
237
224
193
192
190
256
230
207
197
203
197
255
217
217
215
194
192
256
200
200
194
218
225
194
194
195
194
194
210
237
211
194
200
190
196
202
207
217
187
192
191
192
193
207
218
206
200
196
194
193
200
242
207
197
216
226
192
193
238
233
235
210
194
194
195
201
257
226
208
193
198
192
218
257
212
202
196
195
230
231
220
221
212
194
239
221
200
218
244
212
201
190
188
190
200
191
211
209
196
194
193
193
190
188
212
216
192
195
190
190
189
192
214
217
196
191
197
216
219
195
217
216
273
224
190
196
194
237
252
187
192
200
197
208
262
215
196
195
196
202
258
224
224
192
195
204
267
207
213
209
191
197
247
203
207
209
220
205
191
193
191
193
186
189
222
217
194
193
195
194
191
206
222
213
192
194
217
205
202
231
192
206
220
203
192
195
216
217
193
253
212
193
192
198
225
249
211
193
195
194
198
263
227
207
211
219
201
251
201
213
219
195
215
247
194
190
194
215
231
251
188
208
193
196
226
225
192
194
195
193
199
193
223
221
212
193
196
194
198
191
204
219
200
191
190
188
185
191
196
226
217
195
192
193
189
193
208
256
204
191
193
194
210
254
222
204
194
195
202
239
201
213
212
200
201
242
198
194
194
207
209
