14
14
17
14
13
17
13
14
14
18
13
13
11
11
12
14
16
13
15
17
15
14
17
16
16
11
11
11
12
15
16
15
16
12
14
15
13
13
13
11
11
11
11
11
11
12
14
11
12
11
12
11
11
12
11
11
12
12
11
11
12
12
14
14
14
11
11
11
11
11
11
11
11
11
11
13
11
11
11
13
12
12
11
11
11
11
11
11
10
10
10
11
11
11
11
11
11
13
12
14
16
14
11
13
11
15
11
12
13
11
11
11
11
11
13
13
11
12
11
11
11
12
12
14
15
15
15
11
11
15
20
16
18
15
12
11
11
12
13
11
11
11
11
11
13
12
19
13
11
11
11
11
12
13
12
12
12
12
11
12
13
13
17
11
11
11
11
11
11
14
14
11
11
11
11
11
11
16
13
14
11
11
11
11
11
11
11
14
11
11
11
11
11
12
11
12
13
11
11
11
11
11
10
10
9
9
9
9
9
9
11
12
13
12
14
11
11
11
11
11
11
11
12
14
17
16
15
15
20
33
18
16
20
16
16
27
18
11
15
16
19
21
14
12
12
13
12
11
12
11
12
11
11
15
13
16
12
11
11
11
11
11
11
11
12
11
11
11
11
11
13
14
17
12
12
11
11
12
11
17
14
11
11
11
11
10
10
11
11
12
11
11
13
18
15
11
11
11
11
11
11
11
12
15
12
11
12
12
13
15
13
13
14
12
11
11
11
11
12
16
13
16
18
13
17
19
15
11
15
13
11
11
15
18
17
15
17
15
13
13
13
11
11
11
11
11
11
13
11
15
13
11
11
11
11
12
11
11
11
11
11
11
11
11
13
11
13
16
12
11
11
11
11
11
11
11
11
11
11
12
11
11
12
11
13
13
11
11
11
11
12
11
11
11
11
11
11
11
11
11
11
13
13
14
13
13
15
11
13
11
11
11
11
11
11
11
11
11
12
12
15
15
12
13
11
12
11
15
16
14
13
17
18
11
16
21
17
21
12
11
13
14
12
11
11
11
11
11
12
11
13
12
12
11
11
11
12
11
11
11
11
11
11
11
11
11
12
12
12
11
11
11
11
11
11
11
11
11
11
11
11
11
11
12
14
16
12
12
11
11
11
12
11
11
11
11
11
11
11
11
