947
895
747
830
742
818
838
804
780
753
706
735
756
751
769
755
759
706
831
713
829
783
822
872
838
729
959
934
933
740
787
707
764
703
772
701
835
761
856
796
781
774
818
741
825
770
777
733
719
744
711
755
728
731
846
812
751
801
833
720
817
722
868
723
756
703
753
726
814
744
757
706
832
821
743
798
800
807
855
707
839
724
787
770
791
723
761
716
735
730
829
747
833
791
755
783
840
731
842
723
801
708
756
698
729
735
697
782
821
772
765
797
762
834
700
862
820
770
697
755
716
722
739
710
823
726
822
737
831
733
793
784
817
817
757
816
721
733
721
746
769
737
722
747
712
829
775
841
811
753
789
850
715
867
735
766
701
747
703
737
735
765
776
839
736
802
831
728
832
733
878
787
785
698
763
759
718
741
721
783
719
823
705
861
759
788
803
756
789
785
750
737
758
715
815
706
755
696
729
734
805
806
740
837
744
771
810
745
773
772
731
772
715
751
700
730
727
717
811
763
823
730
786
767
766
863
872
742
768
713
758
725
736
779
742
727
793
740
813
829
791
850
716
800
791
746
763
717
716
804
710
764
711
751
721
817
786
779
807
781
737
819
720
827
721
766
701
721
734
709
747
697
766
803
753
805
814
787
806
726
842
832
809
727
725
755
722
779
708
809
698
823
703
828
719
831
791
839
915
921
861
875
901
872
852
856
853
841
918
933
879
936
941
847
940
946
903
758
746
703
770
712
771
697
738
816
796
759
893
723
825
804
822
826
788
714
770
718
795
713
793
721
747
797
782
772
781
742
853
801
742
832
776
711
768
725
778
749
703
784
704
831
730
852
813
763
790
751
756
810
737
724
767
713
762
713
759
715
802
902
744
817
793
783
846
710
835
782
797
694
734
733
775
745
728
773
709
785
767
835
729
834
769
820
801
769
795
778
706
764
808
746
707
766
725
731
830
794
797
809
748
775
836
735
845
709
777
697
756
699
853
713
763
724
865
753
843
790
781
806
839
706
858
742
758
717
750
725
730
735
759
755
796
794
802
866
754
853
735
806
781
771
720
745
731
762
729
700
755
704
843
729
842
740
844
784
745
816
749
806
772
799
726
743
726
771
722
767
747
805
806
733
821
817
766
806
807
774
769
713
