279
227
292
290
252
259
236
240
263
296
307
262
239
238
295
250
227
226
252
293
271
258
263
228
271
268
262
235
229
285
240
229
252
252
280
279
269
253
243
255
237
228
234
252
239
253
259
223
228
237
224
280
273
251
231
228
228
226
246
246
229
241
228
228
224
254
296
232
226
223
228
336
268
229
227
229
294
233
244
257
224
291
228
232
251
257
292
231
226
226
245
313
237
236
240
263
286
232
223
240
225
230
245
258
229
224
230
237
230
255
250
225
227
226
234
233
259
248
226
224
223
259
287
296
224
226
237
232
312
301
259
229
234
291
241
254
237
259
284
237
227
246
271
285
246
257
234
253
284
235
233
239
228
233
256
233
224
234
232
225
235
260
246
226
224
234
237
238
256
269
257
230
226
229
304
248
223
224
245
399
329
312
308
352
307
343
312
363
282
283
276
304
321
274
271
290
346
334
278
227
243
272
271
251
222
251
301
266
268
227
227
231
231
229
296
241
224
227
227
233
240
244
239
236
230
226
229
251
252
229
220
283
240
288
252
228
274
233
238
288
245
317
231
241
234
254
305
272
249
226
245
298
230
228
239
236
311
253
244
235
228
232
235
283
230
235
229
230
224
232
237
249
221
223
226
234
235
248
250
232
227
230
263
268
256
236
235
238
324
265
291
232
277
265
230
248
260
272
271
242
227
236
257
310
230
232
229
239
295
269
249
224
266
301
235
257
257
233
238
247
225
225
235
242
233
226
233
231
236
249
239
226
237
235
232
260
292
281
281
278
275
295
281
376
309
275
298
328
279
267
258
327
372
293
305
278
317
289
278
267
307
280
276
274
268
340
282
273
283
289
263
267
276
264
274
278
260
259
299
299
282
269
264
261
263
270
284
261
270
266
265
268
339
261
278
273
284
328
301
286
268
401
264
304
265
260
267
226
228
244
268
283
228
230
234
230
311
255
234
223
231
226
236
249
257
259
233
228
266
256
267
228
228
228
233
223
237
235
248
223
222
229
227
270
241
229
229
282
243
261
265
237
282
237
236
264
231
278
245
241
231
252
285
254
223
226
233
293
299
226
227
242
247
297
266
239
224
226
230
279
260
230
222
229
222
230
265
254
223
225
229
225
246
250
227
233
234
222
243
261
