1504
1337
1392
1463
1430
1387
1403
1434
1398
1345
1286
1296
1406
1439
1436
1394
1433
1455
1286
1350
1531
1554
1626
1604
1605
1750
1573
1593
1567
1597
1410
1368
1387
1415
1365
1398
1436
1343
1326
1346
1285
1385
1421
1400
1384
1401
1417
1311
1298
1321
1356
1339
1374
1411
1383
1421
1402
1296
1337
1352
1338
1322
1399
1400
1504
1391
1403
1302
1354
1364
1303
1347
1448
1406
1390
1396
1402
1430
1307
1271
1351
1395
1438
1407
1410
1422
1394
1386
1345
1321
1378
1365
1373
1398
1442
1370
1390
1422
1351
1366
1305
1311
1446
1488
1434
1415
1635
1682
1343
1305
1306
1351
1420
1421
1415
1471
1447
1387
1322
1355
1368
1325
1374
1361
1538
1412
1387
1422
1368
1300
1296
1305
1377
1462
1443
1429
1437
1462
1297
1324
1373
1386
1445
1435
1369
1380
1480
1405
1331
1356
1318
1306
1408
1433
1488
1450
1364
1501
1383
1367
1309
1329
1331
1396
1407
1436
1397
1488
1385
1321
1300
1297
1337
1392
1422
1464
1471
1397
1312
1425
1382
1384
1313
1393
1401
1439
1380
1416
1361
1411
1396
1341
1339
1390
1396
1402
1371
1422
1424
1317
1281
1373
1380
1422
1376
1397
1413
1387
1390
1295
1328
1384
1346
1375
1418
1417
1374
1405
1505
1458
1315
1307
1291
1402
1438
1383
1418
1405
1403
1334
1295
1314
1355
1378
1467
1419
1465
1419
1366
1323
1314
1350
1334
1304
1399
1464
1449
1681
1629
1555
1519
1552
1534
1684
1602
1668
1668
1532
1305
1355
1326
1366
1326
1465
1378
1427
1468
1435
1296
1346
1337
1322
1278
1358
1388
1486
1430
1387
1400
1333
1350
1321
1348
1415
1392
1377
1370
1502
1382
1370
1304
1330
1336
1421
1397
1418
1478
1437
1350
1291
1377
1351
1338
1395
1419
1427
1414
1371
1427
1342
1291
1331
1316
1405
1427
1392
1395
1378
1450
1303
1317
1343
1361
1382
1466
1390
1394
1426
1415
1307
1326
1407
1329
1355
1412
1481
1459
1411
1397
1381
1364
1318
1313
1325
1463
1360
1456
1436
1441
1380
1341
1449
1648
1678
1778
1616
1584
1733
1410
1435
1519
1458
1570
1646
1890
1886
1857
1633
1668
1753
1940
1859
1959
1870
1617
1688
1609
1864
1612
1576
1666
1688
1594
1438
1707
1521
1648
1703
1548
1934
1976
1715
1775
1737
1604
1676
1661
1442
1494
1913
1589
1417
1413
1475
1951
1669
1813
1758
1839
1638
1790
1417
1609
1882
1850
1733
1834
1653
1672
1626
1815
1741
1612
1668
2179
1760
2437
2910
2363
1790
2073
1585
1718
1851
2007
1953
2006
2032
2341
1672
1611
1526
1785
1795
1993
1849
1564
1403
1539
1562
1743
1674
1749
1743
1822
1650
2370
2116
1662
1797
1539
1836
1789
1798
1750
1868
1740
1740
1870
1794
1582
1592
1780
1820
1828
2044
2083
2162
2237
1806
2269
1784
1505
1570
1564
1754
1289
1349
1332
1388
1435
1423
1367
1634
1461
1371
1336
1343
1413
1389
